R/data/gpw_v4_population_count_rev11_2020_30_min.asc
ncols         720
nrows         360
xllcorner     -180
yllcorner     -90
cellsize      0.5
NODATA_value  -9999
[rows 64 to 95 of 360, columns 438 to 510 of 720]
28563.36 582326.9 28130.17 225365.8 65724.06 17188.36 10716.49 9843.562 5509.491 5101.129 5110.511 6828.38 9156.002 13139.76 20721.22 20307.43 12843.96 8070.19 7779.549 11357.07 11519.06 11579.54 8169.952 5266.714 6042.698 7815.753 11745.53 16339.75 23508.5 17999.75 17080.99 18128.25 41657.76 373286.6 333509.2 141683.5 17988.32 21462.76 23465.89 75835 107689.6 92336.7 37626.59 24432.26 40630.88 24025.65 15575.89 20249.01 34718.22 8522.707 7939.803 9172.517 7802.326 6593.211 5426.269 5674.071 5883.138 3197.557 2224.246 2143.182 2174.39 2138.971 2003.104 2473.131 2620.513 2539.624 2435.719 2497.562 2514.929 3980.813 4630.911 4642.95 4606.761
25488.65 32123.39 29256.29 189404.9 122248.5 76312.23 102830.7 24978.87 9712.844 12789.06 15009.94 14511.34 16063.74 17758.96 14524.95 10971.81 9139.924 14628.32 17541.88 20072.24 19713.64 12745.31 11356.94 6602.765 9357.06 11583.41 17566.25 23866.33 23475.7 74592.59 47659.79 10967.7 18103.75 27079.2 24041.63 54573.96 37572.15 15453.1 8821.831 10033.03 41322.94 118056.1 98102.88 80120.19 76789.2 79812.23 39682.88 13898.58 14543.95 14347.53 11740.11 14832.25 266570.6 421620.4 21278.55 6567.336 5764.616 5400.419 3572.284 3451.103 3734.352 2869.229 2890.742 3883.602 2987.805 1699.393 1693.826 1835.118 3570.417 5180.565 4735.803 4591.762 3821.051
40097.75 21685.58 25301.11 153190.8 198354.9 28461.81 20124.04 20014.71 52713.43 79566.17 29979.38 23202.98 12509.68 8983.024 10009.86 9770.958 19102.48 217639.7 94220.7 29742.96 31228.13 25158.05 23257.43 12774.03 10806.67 17130.27 24030.51 40729.03 641108.9 52973.66 59545.95 36967.03 15518.57 21302.73 27437.4 14068.36 16238.26 48371.17 13778 16700.96 30359.5 86409.43 616979.1 833914.2 84055.41 57255.78 44445.27 45410.45 16661.98 16904.39 13162.86 9185.383 25594.25 28376.13 54344.32 19463.95 11620.04 8343.368 9631.866 8329.776 7316.012 6720.888 5895.657 5728.403 5316.381 2527.017 1666.645 1497.788 3566.864 4690.443 5488.891 5504.665 4491.917
68871.23 53676.52 248448.4 158001 165630.3 45702.24 46108.15 65475.18 215259.9 1101886 319646.9 54601.95 29154.18 15744.5 20236.13 48699.88 529486.9 101726.8 31233.63 40399.29 37857.32 45336.95 51270.48 47749.08 68394.61 17195.79 74777.52 37795.62 27964.25 106586 160963.3 33125.52 29361.39 28119.55 27814.55 14536.43 13989.41 15737.8 19468.54 18578.91 14276.65 33575.6 56248.78 75147.42 26031.2 155910.5 34658.54 13113.3 11859.79 76943.03 10015.62 10130.49 11093.77 11589.02 14520.21 21262.68 12530.33 10466.47 11155.99 10985.57 54422.41 34044.95 8774.601 7793.976 5226.496 4187.605 6173.41 5653.77 4799.759 5779.615 10061.92 8026.836 5792.406
149148.5 78543.8 48533.66 78983.14 24600.71 64587.54 105341.5 40982.71 53596 43763.5 45867.55 38017.38 29659.07 29005.98 52681.75 55969.05 83841.8 86918.17 164366.6 247392.8 1006129 39328.28 31509.38 34543.59 33645.51 132091.3 532276.4 71733.98 26192.35 42150.63 38106.24 43286.46 32274.74 25678.54 21121.2 12990.15 13928.28 16419.96 22309.64 13338.64 10277.04 16599.92 49616 116910.4 22349.45 16705.9 17525.73 13465.37 12501.95 9791.758 14012.35 16239.39 27811.29 10513.81 9227.853 6961.747 6159.126 5124.676 6770.697 8807.019 12227.12 9663.548 6057.641 6587.24 6507.979 6401.329 7243.584 7967.517 8661.565 9950.061 10860.28 7704.062 6665.857
105400.2 59129.82 20254.08 15212.69 20699.62 30578.64 72528.96 55340.11 26639.01 130089.1 31631.16 24452.73 24576.16 24043.92 38606.74 30360.85 62061.37 58868.92 38362.89 30749.11 18577.3 19954.14 32776.42 63445.89 109608.4 160231.2 64957.59 48342.8 31198.29 26797.96 30022.65 42522.59 47474.38 46449.7 35381.37 17445.2 24699.89 31957.16 28517.03 33557.88 65551.05 114565.7 88967.61 29758.5 970573.8 247470.4 14409.35 12635.86 14907.88 9663.881 11696 17899.1 255033.6 51163.08 8443.737 7866.879 8043.478 8781.996 8456.444 27780.31 52515.82 39754.99 9271.387 6661.499 17033.91 14226.53 19094.96 20349.25 371795.4 64790.48 15935.19 16932.87 15016
65636.77 522579.5 27506.15 17089.87 52126.22 12925.55 14664.37 21733.62 103290 21782.4 25847.47 26042.55 26737.3 30836.04 33217.21 51425.36 31757.39 42061.74 43440.46 17415.11 19315.67 21450.57 35235.38 42513.89 28356.14 74606.87 113377.8 102631.3 87043.38 79823.16 45663.11 29611.94 40106.26 344964.7 806695.2 27597.7 27172.11 23031.15 44537.43 49231.72 81786.98 65926.41 73096.76 20558.82 157613 44505.7 10201.88 8354.179 7799.585 8127.604 12056.66 12362.58 9607.367 6683.455 5756.254 5898.519 5683.708 6372.394 7774.688 48287.77 54143.61 17302.99 6043.031 6043.767 21396.88 19156.07 21173.21 24842.5 565547.1 199576.7 23969.25 16539.17 9144.536
28908.56 39458.25 25405.26 22585.72 18493.46 40552.47 21169.8 33056.25 27100.88 34071.27 26603.08 56876.59 341516.8 39564.1 27296.63 23320.29 21956.23 25583.53 496239.9 159048.3 44292.41 111905.5 26755.7 31864.74 24439.12 21889.59 32232.7 53294.6 92992.48 86190.95 87832.01 40000.07 42719.61 43816.94 42512.96 16820.81 16130.6 31228.57 16862.9 20445.54 26726.85 21256.78 21390.15 34292.61 63491.05 46693.85 18294.81 7923.907 7375.288 7424.613 7944.191 7193.412 5668.588 4523.23 4261.889 3913.311 4617.05 6319.542 8383.322 19885.26 6362.98 6259.727 6152.221 6198.446 8792.399 9834.781 10255.07 14745.57 17340.43 15385.77 18410.88 14241.2 11597.83
26709.24 57527.83 33232.39 16869.59 15482.98 18991.79 21236.45 26026.63 27782.23 31772.25 27501.56 31422.33 24406.7 24141.09 25302.73 25642.37 28550.35 19073.66 19554.03 23287.88 465687.5 148807 73514.23 33188.32 31971.88 22535.27 93325.43 12567.24 20185.02 27336.85 30343.86 28385.43 29732.83 251656.7 80872.97 31935.16 20609.82 16647.16 17618.48 40637.07 31097.5 14253.76 14868.89 15943.09 9010.489 8275.401 5829.687 5651.851 19149.1 48598.6 10888.75 6156.862 5198.896 5384.269 4017.892 3643.762 5292.096 6332.606 6924.669 10071.3 14371.4 17569.15 6324.027 5735.467 3962.129 2901.494 2965.238 2165.945 4395.667 7772.413 9463.273 10294.15 4897.077
35619.68 35056.05 42558.15 26037.52 22106.03 59375.01 19286.62 23807.65 23455.27 37794.35 36857.36 231614.7 390154.9 40772.89 25549.35 112309.9 24134.02 24410.22 180412.9 69116.58 174689.2 326082.5 1017629 88023.01 79388.37 26656.45 16509.12 14237.34 13458.39 13313.82 14608.72 17670.77 21672.42 192500.5 44503.93 38159.46 8944.021 9132.396 18340.36 154963.7 242096.6 16809.52 16718.3 23894.39 10753.22 8311.774 6158.402 38116.51 87597.31 90551.79 39085.73 4405.068 4958.04 5334.459 5283.562 5085.482 5940.063 6263.741 5968.033 22081.8 42684.18 39223.94 21041.47 13527.86 2562.623 2476.926 2166.024 1816.67 1392.071 2118.319 2484.921 2344.363 2349.797
128034.3 454984.3 84239.67 67259.44 319091 99944.14 21795.38 39872.94 23106.57 34577.51 42908.83 27857.46 22562.11 19943.71 21600.06 27852.38 26746.6 21040.66 19975.12 24079.89 25252.15 92927.55 33614.52 34844.44 24458.89 15777.34 89307.2 14642.94 11768.79 12343.52 9399.892 10183.36 15217.78 90423.39 25338.51 18562.18 6876.782 12502.38 19157.43 78132.41 10579.1 11319.76 14158.42 12714.16 5160.387 4950.042 12433.26 15182.79 41109.55 50855.42 14450.7 3755.264 3337.246 3102.698 5174.076 5675.812 5773.985 6121.68 6112.131 11812.38 34723.51 30223.98 19719 6461.159 2312.658 2443.239 2137.914 2230.578 2198.027 2181.118 2611.832 2972.523 2103.245
47027.85 65827.52 48027.43 26074.58 26685.68 23772.13 27221.81 21196.35 27778.34 40727.97 32944.64 18136.79 30221.56 24452.38 22066.68 27123.32 51517.59 42677.05 47037.75 21482.7 16862.64 13566.11 14030.59 13877.5 12607.14 10090.88 14885.22 15784.43 36663.8 13039.65 15174.74 16630.52 17739.45 19328.62 17849.93 16052.19 6681.982 8981.543 15516.01 17958.72 7135.666 6841.181 9695.72 10651.19 10844.33 4860.067 3901.351 13820.71 11982.4 6893.653 7015.919 5494.72 3375.99 3388.523 4685.615 5008.006 4570.782 3610.114 5116.725 5212.208 5397.409 11693.93 10285.96 7109.058 3992.998 4033.468 3985.25 3092.431 2613.214 2617.447 10748.38 13331.55 10994.5
994549.6 66999.69 38251.55 32409.83 30976.95 32818.46 48199.6 33370.13 47133.77 32697.96 15288.38 22663.97 26042.53 461857.4 253841.4 33173.54 52201.68 99253.69 52778.49 15425.55 23621.81 11526.99 7485.341 32216.11 25235.19 21213.26 34847.38 13177.34 13026.55 13280.89 17406.57 21563.83 473944.2 81547.67 18279.78 16637.88 15103.19 16136.81 16162.94 40451.73 10753.63 6939.719 8288.376 10479.54 11317.64 2805.224 1557.399 2369.937 4483.961 4252.179 2514.579 1958.305 3159.338 4010.637 4418.534 3917.274 2973.015 2665.067 5834.079 7390.999 6898.726 6999.504 7600.565 8131.521 7776.41 47825.11 23260.37 2699.445 2579.63 4152.815 12205.39 13373.31 13076.08
103187 60189.58 41714 41899.09 35032.83 33035.93 65963.92 50797.32 34144.7 19392.85 19370.81 20174.14 25156.01 195701.7 154995.4 71537.77 23229.85 15828.95 17799.88 10485.2 8743.345 8715.429 20384.06 69141 70012.55 30213.44 15061.83 20550.63 19771.6 7730.987 15397.24 20378.57 17590.87 9576.104 8756.812 9557.893 14493.55 33484.77 152089.6 163143.8 24603.98 16689.33 9361.31 5629.147 5425.278 1703.914 1476.375 1543.98 1213.152 1153.931 1096.398 1142.296 2033.209 2283.805 1860.332 1597.684 2348.002 2688.567 6346.83 6145.708 4057.976 5080.361 5683.598 230599.7 249020.9 224544.8 43980.77 4161.014 3008.078 5685.173 12751.5 10725.66 7829.812
59939.42 60152.18 53874.63 47911.7 32143.8 26242.05 47108.16 20166.75 17229.01 20848.11 16456.61 25199.44 28249.07 19819.37 20063.38 19930.41 16751.23 13996.94 13925.26 9655.906 7924.873 8316.714 7778.803 34330.04 25584.62 2756.917 2516.649 8923.931 11157.1 3629.286 5797.91 10084.61 6774.303 7787.168 8801.697 9005.428 48915.62 13872.21 5843.709 6636.954 7535.013 7336.304 4432.415 3051.044 2758.182 981.5945 1048.399 929.0441 823.561 778.7227 848.0156 1030.984 927.5819 1045.413 1165.788 1985.484 1790.843 2028.582 5459.179 4196.726 1404.144 1490.493 1513.049 104518.2 274405.8 112892 8300.738 6753.829 5093.783 5121.494 18878.88 9001.021 2510.393
50507.75 61162.8 44142.45 36043.64 35982.89 14041.66 15713.41 17829.02 77037.28 11473.05 11565.7 23529.68 137874.4 16425.77 13646.02 8658.921 7640.015 6807.498 12708.06 7289.337 2854.979 4703.011 2861.702 2654.477 3041.566 2990.857 2356.786 2302.166 2325.646 2772.998 2936.58 1968.114 1956.551 1971.151 7108.813 64431.55 329636.8 137146.6 5545.17 5546.884 5475.205 3363.135 1080.625 1020.637 1001.117 1025.584 1026.438 769.7759 616.6118 605.2342 540.504 903.5819 928.7867 1486.653 3025.525 4372.744 4031.731 3363.906 1432.383 494.8893 906.993 1011.651 1272.935 4677.57 12334.63 1864.552 8250.063 45122.67 45145.93 75016.11 100010.6 88842.76 9185.518
44127.64 34436.26 33508.08 27860.58 15840.29 19729.89 14554.56 12733.15 11369.75 47092.56 11069 13548.21 16092.12 15991.46 10250.76 6284.064 3903.376 3129.141 4616.215 3979.444 2776.573 2653.538 2532.43 2498.173 2711.362 2709.818 2538.921 2360.372 2574.891 2687.981 2789.212 2590.643 2528.862 2460.122 6152.952 8702.423 7881.282 7532.167 5898.86 4861.35 4974.79 1648.716 1033.761 996.0128 957.1849 1031.157 974.0899 719.6457 620.6404 593.0011 615.7631 705.9124 930.1839 1500.241 2265.347 3854.858 3981.258 1680.306 738.9267 736.3229 721.399 729.1921 736.0701 736.4366 729.0071 5630.796 39092.53 68333.91 93878.57 97672.26 60421.21 35275.02 4090.06
38311.14 28908.26 32649.32 30562.24 16474.01 16277.81 11528.19 10200.8 11570.06 16769.07 21772.8 19750.67 25211.77 11268.93 6939.226 5764.334 3286.06 3030.395 2152.384 2049.759 2516.372 2595.436 2141.728 2199.476 2556.818 2726.685 2633.092 2651.076 2691.637 2840.249 3072.772 3070.052 4271.99 5057.572 5290.318 4813.852 4590.798 4155.457 4147.135 4127.948 3375.239 1107.44 937.4112 715.1091 661.257 730.0012 681.0029 610.251 619.6834 602.6954 625.8843 712.8774 924.6144 949.2304 1195.171 2107.244 2560.011 2525.032 1142.198 770.6035 749.0348 749.3497 749.0341 975.459 978.8046 8678.936 18042.09 12911.91 13274.45 19771.59 3192.142 1960.393 1956.746
463899.2 39356.69 32080.47 30598.25 25595.32 14647.92 15707.31 19290.81 23426.27 31342.28 648511.1 644888.4 29677.32 17665.53 21210.3 4834.568 1341.203 1601.372 1568.845 1603.676 2063.477 2214.906 2264.075 2243.811 3446.18 3256.68 2683.408 2692.792 2636.1 2567.997 2861.118 2462.571 2261.351 1786.258 1516.804 4897.11 4903.122 4193.493 4184.204 2995.668 3132.41 1387.011 837.504 675.4489 675.0666 647.7255 571.9374 654.2543 607.0175 576.3997 684.0057 1865.601 2122.223 2277.873 2593.066 2599.228 2606.643 2607.009 2607.009 2170.736 1464.476 929.1597 1153.495 1386.533 1482.333 1480.279 1282.394 1166.866 1167.293 1168.078 1968.872 3364.084 3333.454
249237 291139.4 192598.2 66079.4 40803 32677.03 16840.65 14227.3 13046.34 21668.85 40602.66 71985.5 9573.16 13310.37 22609.07 19574.13 5634.239 2691.219 2627.086 2278.7 2310.35 2391.849 3686.572 4965.041 5665.125 5343.855 5390.116 3733.636 2648.296 2654.111 2632.267 2078.43 660.3289 659.2255 653.9003 1224.091 3505.713 4239.5 3745.34 1423.106 1647.972 1396.324 1378.416 1166.161 1063.464 707.0132 672.1454 644.0467 472.9911 676.659 2019.002 2529.584 2592.213 2632.516 2631.356 2632.851 2632.397 2632.851 2632.579 2632.545 2632.053 2098.823 1492.06 1495.443 1497.027 1496.056 1234.443 1179.551 1179.741 1179.817 1432.541 4264.523 4307.593
39329.8 142421.7 309290.8 66627.7 37845.77 35287.45 153945.4 13355.88 22617.59 14868.56 8512.438 6441.885 5482.342 6639.705 11371.03 18171.02 10593.17 8639.253 6825.386 5488.777 5377.85 4363.134 3969.079 4658.183 6164.86 6676.054 6873.311 3640.064 5354.052 5130.822 3903.991 4254.529 1067.191 665.2017 667.451 667.451 813.0621 1603.759 1922.518 1435.664 1425.45 1414.331 1435.651 1433.099 2149.459 2483.508 838.9225 675.23 669.0515 1140.016 2340.701 2458.507 2639.551 2656.411 2656.574 2657.954 2651.955 2598.595 2642.96 2657.882 2093.687 1712.709 1508.855 1511.606 1501.79 1475.525 1226.224 1190.703 1191.182 1190.879 1274.395 4047.52 4349.545
199920.3 1198314 233685.9 52987.93 44811.55 38246.02 53231.21 13869.84 13365.34 7931.369 6214.951 3706.789 4022.334 3727.149 3500.182 7214.637 9717.992 11486.18 12599.8 8248.483 5637.344 4825.131 3965.649 3715.707 4358.678 35826.97 110980 11104.47 9859.864 7382.091 5640.496 5524.475 956.9935 673.7772 673.5423 673.5868 673.736 915.9759 1439.713 1419.286 1448.087 1446.133 1508.11 2027.784 3556.086 3624.099 3277.856 1859.124 2229.245 2680.153 2677.568 2648.164 2682.26 2683.932 2683.932 2683.932 2662.632 2683.932 2683.932 2583.463 1817.819 1525.346 1519.261 1523.065 1432.814 1202.38 1202.707 1202.707 1368.463 2674.04 2829.837 3924.631 4391.166
69909.73 59179.41 46898.96 42732.84 47875.21 34669.09 24393.67 18781.88 11931.03 8787.656 7786.634 6484.827 3123.227 2872.391 2852.342 3878.287 12202.89 13507.89 14416.06 10729.99 5693.079 5097.016 1904.73 377.0034 110.8768 43125.05 58097.18 8552.641 3807.698 5348.581 5534.551 5545.829 4004.701 1552.883 734.643 677.5797 680.1735 1030.103 1405.258 1456.482 1445.848 2068.628 2302.932 3004.469 3563.302 3639.41 3889.451 4240.407 9063.29 7059.231 2761.944 2557.176 2699.472 2703.663 2709.167 2708.364 2697.271 2709.167 2708.912 2084.131 1534.785 1540.42 1533.828 1540.42 1423.408 1213.915 1206.258 1214.016 1213.544 3739.706 4245.196 2071.008 2453.367
99306.66 74825.29 63527.16 42925.41 40817.25 51948.53 25464.91 15317.22 10549.32 9317.336 107271 4830.173 2697.733 2734.626 3443.681 14233.72 19717.54 198356.8 419662.9 32047.9 7288.386 1198.834 -9999 -9999 -9999 -9999 -9999 142.7491 2924.955 5699.355 5438.651 5340.74 5391.538 5368.917 4268.455 691.4886 686.4573 798.0286 1414.591 1473.504 2319.009 2724.753 2765.038 1990.701 2758.605 3394.591 4193.128 4254.549 9593.675 11691.07 5526.178 2849.918 2608.726 2648.188 2676.32 2713.406 2724.687 2730.635 2734.196 2407.574 1581.273 1554.651 1554.651 1554.651 1449.702 1225.231 1225.231 1225.231 1223.169 2069.858 439.3045 658.3755 1700.585
108160.8 88624.67 141011.5 94078.77 51906.59 49788.26 38109.06 37462.11 25911.47 20054.2 14756.62 3829.528 3352.073 2660.771 3951.474 11992.52 12243.81 34777.57 21000.38 6169.912 1.82374 -9999 -9999 -9999 -9999 -9999 -9999 97.49974 4616.277 5430.948 4598.678 5364.139 5025.67 5017.69 4882.296 1361.254 544.6884 913.7451 2196.569 1126.723 1493.724 1186.049 2880.236 3725.485 3848.342 4028.024 4306.553 4732.012 11734.6 11988.09 9790.649 2809.24 2598.767 2597.12 2398.141 2781.063 3054.829 2945.048 3039.526 3035.772 2721.399 2297.629 2298.898 2303.276 2310.363 1425.557 1299.477 1300.184 1217.324 170.4928 962.121 1810.591 1823.533
588656.7 139066.8 135480.5 172882.6 128323.5 353040.3 180789.5 59790.75 44898.12 38625.62 19750.04 16639.08 11510.41 4014.827 2772.155 6666.079 8098.645 381.7021 -9999 -9999 -9999 -9999 199.6375 -9999 1928.284 5692.22 1350.109 1029.91 1950.42 3056.549 1312.044 4414.297 5395.241 5321.55 7814.952 11131.77 15861.16 21648 21301.78 11281.31 11533.21 0 1254.884 3758.716 3888.786 4324.535 4360.95 6041.2 12104.07 12150.45 9917.516 2819.273 87616.88 7156.826 3256.474 4457.584 4824.371 3191.888 3098.449 3100.722 3095.678 2530.073 2388.711 2421.95 2411.973 1391.154 1316.307 1316.307 1316.307 1033.43 1442.012 1825.481 1821.958
113955.3 187171.2 169845.4 126804.6 235632.2 242368 76393.33 52742.72 49023.46 45701.98 101399.7 27042.94 33320.27 23139.04 8586.13 13258.41 1508.458 -9999 -9999 -9999 -9999 2.971427 1253.275 1717.387 2592.188 3145.798 1571.924 1540.725 1230.405 1270.318 2319.146 3848.784 4515.736 5223.324 27078.38 27114.69 27119.49 27119.49 13533.74 11969.34 10883.94 0 249.3667 3696.468 4273.994 4405.567 4405.567 7875.295 12293.29 5848.303 3742.349 2812.766 76267.69 116295.1 5482.522 5479.628 5488.664 3568.05 3118.884 3113.417 3057.231 2768.428 2400.276 2354.418 1631.868 1301.126 1322.517 1327.845 1327.845 1989.294 2115.265 6886.789 8405.592
123389.3 86630.38 38611.3 60274.72 69615.87 104447.7 224923.3 278627.4 458429.5 94098.43 50905.16 32324.98 29449.22 6719.662 10686.86 33660.99 15649.69 -9999 -9999 -9999 -9999 -9999 1396.008 4640.097 5047.422 1669.875 1566.576 1564.716 1452.363 1613.028 3738.49 5670.394 1613.028 1792.921 27353.06 27353.06 27353.06 27328.55 22667.83 21538.29 9023.658 3399.09 15008.25 18920.69 8784.509 4443.265 4684.01 11758.86 11564.88 3066.364 3037.985 2820.36 2836.405 4493.081 5478.052 5658.325 7928.522 6538.058 3308.501 3154.839 3154.839 2995.475 2480.048 7250.792 5862.643 2202.868 1339.281 1339.281 1878.842 1477.543 11848.81 20648.34 22022.98
36333.32 205479.9 156644.8 44865.22 32464.71 92177.73 65764.3 206193 88976.99 261660.2 147615.9 93085.16 89465.52 76822.44 42635.34 105725.8 41146.86 254412.8 -9999 -9999 -9999 -9999 -9999 66.58564 196614.8 9798.184 2321.99 2224.532 4105.679 5413.597 7228.109 8240.152 5912.497 3868.43 27584.54 27584.54 27584.54 27584.54 27269.29 27515.79 27277.46 27068.99 27283.69 27541.76 27377.56 14559.68 9038.206 13729.78 13230.5 7618.013 6663.303 8698.906 8580.221 5585.784 5585.784 7105.222 9636.712 16400.14 80420.67 57766.71 7698.433 2807.94 2531.768 8477.318 9167.914 85435.93 30585.04 17661.93 16544.85 14501.79 18121.7 29179.47 24597.89
-9999 10723.7 42281.89 74665.85 68693.84 22935.48 15673.21 32815.75 59987.77 251668.1 133407.2 406690.5 313287.3 571862.1 393085.3 436956.1 296227.2 25542.65 -9999 -9999 -9999 -9999 -9999 -9999 174332.7 28084.89 8262.85 8478.333 8527.967 8510.793 8527.967 8527.967 8525.157 8559.214 27813.93 27813.93 27813.93 27813.93 27250.29 27215.1 27706.62 27795 27441.83 27813.93 27813.93 27812.32 23894.33 19370.25 19370.25 19370.25 19370.25 19370.25 18978.36 9535.021 5926.917 9268.458 9831.127 34812.07 100241.3 100339.3 19133.01 11032.8 9062.058 69490.47 120200.2 73540.89 20340.03 18075.22 26149.99 24243.22 79227.4 55872.02 34269.65
-9999 -9999 -9999 776.4701 12692.56 94309.8 46961.82 16931.17 11049.77 21980.33 49397.9 289049.6 90077.87 49689.3 151664.2 128387 327285.1 387912.4 -9999 -9999 -9999 -9999 -9999 -9999 -9999 864.6107 2608.185 6266.253 8497.715 8561.381 8597.649 8597.649 8597.649 8614.8 28039.11 28041.2 28041.2 28041.2 34075.86 38989.38 27917.32 28013.32 28036.9 28041.2 28041.2 27950.76 21623.29 19528.52 19528.52 19528.52 19528.52 19528.52 19528.52 18348.66 9801.799 8797.699 7002.347 6401.907 7929.161 25471.74 61780.9 102904.4 63126.33 47359.92 121155.3 80382.77 63709.35 20027.71 27347.68 35157.73 152530.2 1117577 144651.9
-9999 -9999 -9999 -9999 -9999 143166.2 139486.7 257123.9 103166.3 69830.02 52051.17 15161.43 34096.66 50340.5 53063.65 64016.72 155647.8 149968.2 251242.7 -9999 -9999 -9999 -9999 -9999 -9999 -9999 433.2272 8117.726 8442.883 9516.736 13420.49 9861.325 8666.677 8670.45 28265.79 28266.33 14751.9 37312.22 62638.91 65372.17 58968.07 48277.43 28779.75 28030.13 27912.2 26439.83 19685.31 19685.31 19685.31 19680.12 19685.31 19685.31 19685.31 19685.31 7980.051 7834.951 13010.56 15917.02 18184.63 25385.1 275840.6 1025485 145689.7 185237.2 92745.1 32122.85 41210.36 31261.54 26127.93 39992.1 57297.52 51288.82 37898.29
