R/data/gpw_v4_population_count_rev11_2020_30_min.asc
ncols         720
nrows         360
xllcorner     -180
yllcorner     -90
cellsize      0.5
NODATA_value  -9999
[rows 64 to 95 of 360, columns 365 to 437 of 720]
-9999 -9999 -9999 -9999 -9999 -9999 -9999 -9999 4.615054 405.2771 975.855 -9999 -9999 -9999 8742.467 16618.21 3254.562 60.82156 502136.3 398966.5 145346.8 52190.82 24753.04 143407.8 45544.37 15505.41 21445.67 11323.72 25160.25 -9999 -9999 31092.94 9397.247 733.0698 -9999 -9999 -9999 -9999 1256.37 4427.635 3387.998 46.79879 -9999 6727.792 22965.01 49687.33 18411.66 23597.26 18379.64 21263.47 18000.1 185877.1 12340.62 10229.83 11581.94 13724.03 7657.132 14928.34 19589.76 7313.628 9374.144 11255.17 23945.55 17550.44 62209.93 28279.09 10185.79 13447.96 16260.11 14148.4 14182.5 17699.67 200134.7
-9999 -9999 -9999 -9999 -9999 -9999 -9999 -9999 -9999 -9999 -9999 248.1553 9230.501 12143.59 205989.5 99446.74 27969.5 982.1962 17261.69 106306.1 25984.69 21249.94 37234.63 31461.48 25073.22 25044.35 12844.96 32709.53 5244.396 1040.946 16.86549 10900.17 3878.757 -9999 -9999 -9999 -9999 1297.018 60473.31 23230.32 35805.18 14761.55 27586.31 241549.7 48302.38 45180.32 27762.67 24371.52 22498.46 21847.76 16538.19 16470.34 15945.7 9880.241 7367.585 6384.202 3727.915 3332.198 5671.458 4302.241 9136.972 12388.7 10323.1 11954.69 44305.9 26163.45 19048.59 8737.646 13471.17 38901.17 20132.99 22074.64 18140.91
-9999 -9999 -9999 -9999 -9999 -9999 -9999 -9999 -9999 -9999 -9999 27528.96 70865 70645.48 103005 48758.93 2122.206 -9999 196.5002 15112.61 109668.4 32591.31 26890.17 29449.9 93342.32 16377.19 22459.3 79279.39 15883.58 -9999 -9999 595.8814 -9999 -9999 -9999 -9999 3895.962 95583.1 26561.65 29956.26 33259.68 51317.22 237281.6 611664.8 49488.54 57813.78 39880.67 23279.7 23710.05 51406.69 17537.03 9892.854 12975.68 9431.839 7424.678 7242.379 8786.176 8843.085 7559.057 6164.806 6365.095 6873.628 7019.506 11356.65 11519.15 13704.09 353282.4 55570.73 52278.29 157899.5 76141.3 100482.3 93648.9
-9999 -9999 -9999 -9999 -9999 -9999 -9999 -9999 -9999 -9999 -9999 37679.05 146148.1 137394.9 186826 479514.5 45697.71 32.43639 1650.586 49934.82 281261.7 58119.44 67724.68 79962.65 68435.66 33322.97 69040.88 5946.543 626.1066 -9999 -9999 -9999 -9999 -9999 -9999 -9999 1157.163 41589.79 34998.3 57407.73 49731.9 51981.55 33581.21 43960.15 26597.99 19490.61 31049.17 27104.77 31134.89 31992.44 23784.98 14418.39 10433.51 9179.65 12891.87 27572.99 78392.84 6612.939 8853.421 10551.86 17771.44 9375.271 7436.076 63538.25 11534.45 18366.16 38088.31 89666.59 148760.9 294499.4 353484.4 305107.3 78334.31
-9999 -9999 -9999 -9999 -9999 -9999 -9999 -9999 -9999 -9999 -9999 66155.25 72726.48 102777.1 278924.5 44923.42 6280.387 74857.45 151091.5 962515.1 1141517 519373.3 68158.37 46973.67 87.84859 -9999 2.374279 -9999 -9999 -9999 -9999 -9999 -9999 -9999 -9999 -9999 -9999 199217.1 59669.29 40259.35 40901.27 89909.66 36538.41 111903.4 27422.8 26920.84 35870.85 67627.63 111349 24178.68 19709.59 22162.21 114964.6 32484.17 14237.51 12123.69 11095.83 9834.241 9169.333 7504.356 7824.968 6509.513 9534.313 11505.51 22152.51 34582.39 53539.78 85733.66 330232.6 3657679 1.140535e+07 953197.5 342702.2
-9999 -9999 -9999 -9999 -9999 -9999 -9999 -9999 -9999 -9999 -9999 46228.55 64808.5 160289 76908.86 290110.1 128260.6 81574.49 174529.6 103428.2 19161.12 71684.35 34930.62 7225.052 30695.77 8552.32 -9999 -9999 -9999 -9999 -9999 -9999 -9999 -9999 -9999 -9999 2596.413 22051.16 84454.77 42859.3 34630.99 36183.8 66558.84 62367.24 39684.02 31464.23 32059.63 22333.71 22960.51 24652.23 27612.69 31495.31 45221.3 22128.23 17935.79 377832.5 21665.76 15793.53 13870.64 12289.68 47303.88 35328.3 36512.71 35482.23 25133.2 22308.89 39321.79 120879.5 230762.6 249044 545083 255594.1 345078
-9999 -9999 -9999 -9999 -9999 -9999 -9999 -9999 -9999 -9999 -9999 20802.22 68786.34 195540.4 175142.3 10378.74 13076.33 39365.1 64270.18 15227.91 257.6512 6345.254 10227.62 -9999 1.154108 134.4483 -9999 153.3626 36857.5 47308.6 84668.84 338275.4 62485.02 -9999 32938.16 378120.5 218804 44868.72 55799.87 56316.25 32615.4 61290.4 290356 99858.59 78307.3 580042.3 52904.93 34174.3 28717.57 24790.58 19558.93 38683.29 41727.16 28802.13 24382.35 75244.63 33913.12 18102.81 43772.27 301353.5 15956.46 20199.28 18096.82 11427.75 8955.705 13818.79 53044.31 281541.9 47226.62 235611.2 81528.64 124399.8 86925.88
-9999 -9999 -9999 -9999 -9999 -9999 -9999 -9999 -9999 -9999 1379.429 266.0114 35235.96 147348.5 251022.7 461383.6 121429.8 21867.19 47566.28 261291.5 51873.84 167296.8 51468.53 2329.133 7584.124 30696.16 103263.8 177789.4 91769.7 108433.4 110346.2 330359.5 670523.6 192880.3 109873.3 60390.77 84666.95 74325.8 77106.16 54817.31 94008.63 77013.93 38183.67 72802.15 29824.01 36917.49 32689.7 40970.6 101517.8 86158.38 45605.34 245254.3 89064.1 18725.62 25934.48 60724.19 49632.67 29408.56 14856.95 16331.05 24887.98 58758.49 15178.89 36167.46 28768.29 24636.07 40397.41 124746.1 36432.77 91832.38 527806.5 131772.5 86850.43
-9999 -9999 -9999 -9999 -9999 -9999 -9999 722.0893 6366.871 80958.35 90969.02 98840.39 225231.4 199581 996693.5 1022532 385733.6 202940.1 74026.59 82342.18 68189.9 110497.7 62410.06 129552.3 124094.1 89161.36 84650.26 63889.17 84211.65 66376.75 128720.9 88427.43 240483.3 94646.91 152850.6 192179 143576.2 87572.55 58967.27 141104 66934.2 45986.54 377784.8 38091.73 39144.45 114148.3 41764.63 32209.58 41147 337501.8 1848509 65054.45 29202.27 16358.11 22597.64 388334.7 24751.63 26424.34 39610.14 20025.15 23278.24 31406.92 31878.55 67699.14 29385.74 17036.33 23579.33 30216.81 18414.38 74298.7 77243.42 154336.8 47289.06
-9999 -9999 -9999 -9999 13864.87 48387.34 299122.8 281444.5 488252.4 296403.7 236386.4 377050.7 830951.6 183324.6 472605.2 687295.5 114581.4 73484.6 76382.75 52185.45 54550.81 64192.6 53593.69 139361.1 461901.9 123720 49745.67 71689.84 149717 115428.9 244885.6 432473.4 374547.9 151350.5 108682.4 130324.5 67345.35 72292.02 144838.7 117873.8 79710.58 393660.1 40803.35 65841.66 45796.8 51440.38 91115.47 148566.2 49921.71 41696.86 65851.86 36645 35837.34 223469.5 31915.12 34810.66 25760.66 17897.68 22811.88 27478.1 27504.25 26382.52 37493.3 462036.5 43169.39 23217.48 29133.75 71696.83 58505.73 19287.71 24436.58 49816.32 36826.18
-9999 -9999 -9999 -9999 580855.9 256123 265854.3 374745.8 310243.7 239658.2 162873.6 265144.1 171778.5 192765.6 170454.6 179961.7 116707.6 68605.79 89696.86 77863.56 92793.41 1588785 536918.5 78294.7 100814.8 204084.9 68309.98 95850 187257.7 138512.2 188348.3 209666.3 208287.7 206951.1 224306.9 123691 131255.9 131858.9 120069.6 93098.98 74638.41 65902.53 47906.1 23793.05 39794.04 50725.11 32711.56 33138.67 38376.54 83945.63 68896.24 26077.53 17064.46 52323.79 84425.25 68176.63 34475.53 22224.1 59522.89 91570.17 57015.52 39982.44 35191.9 25465.07 28481.88 18166.92 47654.78 275018.4 21239.67 22936.97 22628.02 72743.94 96138.57
-9999 -9999 -9999 1165332 2389546 1647906 734198.9 580321.8 693834.9 396600.3 465535.6 510255.7 746601.2 377240.9 1052896 480044.2 499133.3 118864.6 359488.4 85212.91 205563.4 1347161 825013.1 111279.6 121115.2 81541.64 147498.7 168623.9 757966.1 330416.3 174493.2 236997.8 154780.3 169994.4 146021 207057.9 1335885 1520592 153159.7 198942.9 93326.61 88346.95 379490.8 62225.8 63014.99 46876.48 37713.46 151660.5 43096.1 45613.9 27869.74 18596.19 44360.68 57790.26 50365.98 56831.31 344188.9 265512.9 32767.98 32177 21332.57 29888.72 30542.38 24205.8 25806.21 98899.34 31917.47 31376.24 23495.74 23945.28 73970.68 34811.32 42090.22
-9999 3757.994 119120 1293388 1368729 1036834 992058.6 557587.3 941082.6 1380128 1018858 566329.9 604562.7 218978.3 272272.1 249390.4 193883.6 184532.8 258475.1 264975.2 117111.4 71343.08 108028.8 185912 114760.8 181309.8 245556.6 173599.8 225641.4 159204 262172.7 232359.4 186226.6 776677.8 402276.2 190647.5 142816.8 144071.1 177135.5 137738 121661.6 59410.21 54053.44 46987.55 67737.23 56708.14 50199.96 48555.85 47987.88 43230.61 21012.16 17999.52 45618.98 51987.36 20667.7 13664.41 48902.9 169111.8 35602.81 35890.73 30764.4 73713.73 105124 29445.88 26118.41 40465.94 83945.73 413732.4 39490.13 24641.74 26350.81 33179.21 63156.8
218239.4 438645.2 753183.2 1494973 791469.8 819846.1 725631.1 968166.4 2866485 2151829 801710.7 241794.7 164790.3 405963.3 278079.2 196524.8 177810.7 202488.2 316768.4 805151.3 258921.2 218038 731417.1 241277.5 173620.7 158261.6 164892.5 312945.5 479034.1 509366.3 143160 145345.5 142647.4 216589.3 187647.8 150344.8 197400.2 428550.8 148607.5 230304 518034.2 126313.6 77246.02 47151.77 115861.7 54352.81 96485 80567.52 92140.15 47106.54 33455.21 32432.52 36442.43 16977.89 11481.44 18068.19 30264.61 177758.7 98924.27 36531.24 43566.18 123538.1 40671.98 51150.17 56963.1 45190.75 34144.73 42947.04 31580.94 99511.18 168533.5 155106 37371.37
605949.4 1691734 582187.9 2314150 746287.9 648636.1 1275955 920371.2 1120778 1493169 427877.7 404138.4 456122 168295.3 258705.9 186360.4 319269 276545.5 266153.4 438968.2 618124.1 275070.7 414883.5 270661.4 259936.1 313612.8 259016.7 627396.8 270441.6 211193.2 237425 169595.3 196867.7 440714.3 102191 152217.3 362436.3 223502.6 217777.1 208423.3 120631.8 189604.9 95028.52 168305.8 71173.38 308269 94482.21 362045.7 85229.67 60404.71 89756.3 42388.71 110415 56712.84 60308.54 657630.3 495374.1 54210.66 46633.77 88691.04 38030.93 45811.99 62267.14 49876.15 311803.7 49081.48 70641.3 145925 393727.5 70573.4 57982.04 48486.32 61276.46
618551.8 644120.2 571288.8 643793 386193.9 170490 121977.9 104827 127873.2 304550.5 462029.9 891380.1 1749793 371852.2 160168.5 246104.2 184185 260283.9 200650 241206.6 221299.1 141618.8 168592.8 1126648 894648 217586.8 373144.8 211979.7 145417.5 158202.5 156214.6 407013 1579850 1284576 697330.4 502936.7 212669.9 346627.5 292976.4 378069.4 155105 125783 133407 199961.6 90256.05 90352.43 125888.2 104417.4 120589.2 112155.9 67792.31 67263.23 337599.3 65489.86 98154.12 885620.1 1589602 130311.4 60468.58 58133.62 58793.05 57948.07 51859.45 52408.46 90884.57 51889.61 67327.92 812797.1 110639.8 57147.93 57460.41 59747.31 46967.49
154521.1 232971.9 110427.5 76847.98 183624.9 94629.89 320996.8 413896.9 362614.4 209406.5 303643.1 963588.6 958273.1 357337.7 358517 225671 455242 362631.6 211452.2 172572.7 80603.25 328674.8 152094.7 353767.8 230709 135189.3 201773.4 178142.3 188707.3 286791.6 195987.6 826895.7 604303.9 567372 442778.7 381898.1 448622.9 297617.2 319453.4 214331.7 208598.3 175882 510747.8 579655.9 107053.4 121187.3 313335.2 81456.33 78361.51 86013.62 87122.83 67184.8 162387.1 54037.05 65808.73 283197.6 82297.31 70872.15 70762.45 71089.87 52244 71211.59 82228.21 72877.07 329887.6 54417.3 75836.29 903481.5 114189.5 45106.43 89917.76 31230.28 28665.16
354730.8 177150.4 156259.3 279054.6 35387.05 60236.66 184394.9 658539.8 662813.2 603200.7 383117.6 951564.6 983285.8 574838.1 238274.6 180246.7 359679 767501 190209.3 312932.9 151909.7 98610.95 114460.6 142271.1 140272 106664.9 189830.8 230250.5 612572.8 321166.8 323036.8 216922.1 375402.2 159991.5 183358.3 264128.5 166901.2 213875.8 90803.63 57951.77 66217.14 186830.1 262524 209822.1 139753 117062.6 132676.8 96495.51 229437.6 179780.5 66807.13 312227 294072 62732.33 75687.06 68572.33 81494.83 94759.48 165164.6 312810.3 23713.38 247119.7 133776.5 50872.61 51368.07 56297.79 56196.13 57637.25 60863.4 80318.6 36024.29 91682.06 43686.49
1942793 170676.1 74639.66 97221.03 90695.3 70854.8 100352.6 475535.3 77270.95 208498 845166.5 608318.4 746400.4 2087121 542488.7 334160.3 211513.7 366752.5 233421.3 344986 243133.4 249408.3 122003.4 157074.6 121042.6 78552.37 79970.93 137061.6 175443.8 227560 218896.3 281378.2 195703.6 217682.1 88151.09 109627.5 184186.2 448601.2 273247.3 240706.7 121294.5 95252.45 107660.4 147300.4 438505.3 202636.3 156456 115603 197452.5 87047.02 72350.34 84124.41 87693.09 100578.3 91655.24 152950.9 55898.85 63873.86 60611.04 165687.4 60306.09 142671.2 62461.92 74204.13 143200.3 193141.9 136706 108918.6 42957.41 146926 456703.2 274327.5 315663.4
262907 162114.8 70583.06 192059.5 40880.6 65771.71 55984.5 133078.3 175281.7 316602.8 611984.7 287279.5 424100.9 351843.6 384925.2 396936.4 656586.6 1030527 1688149 244776.8 256645.3 217311.8 251439.4 640222.5 193777 129258.7 250920.7 2037411 437622.5 627603.9 344872.1 262931.3 141908.9 106644 192747.4 153031 307254.4 107702.2 165510.3 177545.3 301483.1 244510.4 178495.6 121756 123944.6 146521.4 406152.4 227880.7 128224.8 159646.4 155252.4 146347.5 77222.37 78709.85 80232.56 67727.2 109625.4 46656.31 48812.25 141056 40171.93 54719.61 200131.5 53697.71 639969.4 536859.2 113077.9 66897.28 45675.35 284310.3 582752.6 704104 433960
113682.5 69637.21 127718 39738.22 22066.36 50914.52 40541.77 119708.9 297747.1 528558.3 975529.8 292392.8 575016.6 461690.4 412780.2 308342.5 225214.1 265038 218928.1 330174.5 249534.4 358517.7 141805.9 85273.73 49984.75 38881.3 70143.54 345487.5 201920.3 146719.9 265861.4 242880.8 354957.1 1148286 180672.1 178878.4 104570.2 141386 408837.5 157358.2 201391.5 128139.7 249113.9 92603.09 77997.42 48045.52 182271.2 278232.8 220537.1 110760.6 220509 214852.5 146912.5 137872.5 94652.32 51982.09 42369 115706.3 34623.77 38374.32 34900.88 503263.8 121382.8 198223.5 116556.5 786022.1 53960.27 45835.42 50650.1 104438.6 696274.3 253897.7 54274.95
69528.95 76329.05 39216.49 35593.89 131005.1 357556.8 178733.4 199048.5 275357.2 381867.7 614137.1 1203221 1381424 461050.8 490956.5 65097.89 97919.3 291458.9 145717.9 80113.82 74624.17 80345.71 46426.15 41853.16 85425.38 486984.4 206393.1 137099.6 181321 96635.23 153251.5 235142.7 416731.8 1122812 163548.1 160545.1 91632.23 115619.3 366922.5 136801.9 102667.3 133069.3 111071.7 127039.4 104502.8 46053.04 55369.59 151631 208698.7 164304.7 458111.4 172202.6 573603.6 215221.5 52263.29 38981.92 42614.74 39666.03 46367.44 76406.27 44088.47 37164.06 42477.28 36187.07 110925.8 62994.68 70889.05 42426.39 34987.73 117814.3 446995.8 46631.34 294372.6
49592.95 130692 39594.01 132219.8 204524 102901.8 108973.4 143038.5 640706.3 539961.6 312681.2 112102.7 59415.3 71214.61 104998.1 24584.32 48883.61 171828.4 137244 43745.57 54969.22 53724.84 158527 232190.2 120027.6 171343.1 322525.7 148212.6 113018.2 127162.5 83822.21 99812.77 162170.1 90275.04 183758.9 115190.2 100292.1 145567.5 86153.35 94749.41 46405.95 76978.06 481715.8 104968.5 271708.3 65491.33 75982.96 139278.2 334045.8 112069.2 148365.6 172996.6 397907.7 281359.2 262056.3 99735.41 171849.6 49500.9 131274.6 466523.2 348393 128295.2 80677.17 30523.83 35374.18 201064.9 32746.64 28437.51 127026.8 8605.774 18601.71 57618.15 52709.02
115225.9 140445.8 59583.64 177571.3 260048.4 191013.1 172199.4 1066920 297175.7 226530 103753.7 73693.66 216215.3 162402.8 107620.8 84738.2 54104.61 466253.3 92718.27 144027.8 110152.1 325456.1 45926.69 387077.8 364694.4 281490.6 244643.7 270684.4 168418.9 82202.79 112327.3 257420.3 144898.8 84630.03 176236.3 258163.7 111720.2 253159 80100.45 40708.48 55144.59 57453.58 166362.5 173657.9 113961.1 103215.9 110485.2 96087.35 162325.4 119161.8 137081.1 124172 126787.2 52278.65 78934.16 155742.3 1042522 -9999 4589.661 32809.84 63605.02 55480.24 52963.8 32622.36 60605.57 13701.51 397.9167 0.2220738 -9999 -9999 9002.459 68649.97 88029.13
51329.06 502895 74733.37 259250.6 1836958 458178.9 376609.1 350318.4 103823.3 95491.64 65671.28 340461.1 1497409 2942346 1243509 756916.9 264726.4 486052.3 800692 973673.9 521017.8 217939.2 503846.7 112196 118510.1 148514.4 687284.9 511295.7 111557 86880.43 56353.1 101833.4 166321.3 132179.7 135374.4 118556.5 102036.8 431557.3 85814.09 55669.82 159467.5 89311.76 81252.47 218839.9 68978.3 107804.2 411762.5 65519.62 62438 243953.2 119901.3 262960.1 128432.4 90731.89 42840.54 12856.73 -9999 -9999 -9999 -9999 4629.358 28590.65 101537.1 99475.63 46657.23 3887.284 -9999 -9999 -9999 -9999 47421.3 70909.63 97337.23
26807.46 69803.38 94372.73 421772.1 317057.1 241599 662632.3 84007.22 42981.48 165571.9 1766768 233808.3 580463.3 2060132 605429.6 554637.2 701327.8 584537.9 874824.3 574039.1 8518.876 160.7231 106143.2 212805 80607.8 42806.32 120478.9 96969.81 97958.56 92891.19 131577.2 148016.7 182892.2 125069.5 519585.8 203720.9 77509.59 91975.88 112669 71173 30717.24 192455.3 67584.93 182458.8 122421.7 174970 237975.3 170052.2 236633.6 119395.9 261153.2 158174.2 149171.4 35021.43 15451.85 -9999 -9999 -9999 -9999 94.07482 13570.82 158582.1 116933.4 136475.5 86526.91 143764.5 32030.72 136292.3 81492.64 119182.3 152513.1 130130.3 505315.5
39381.64 46056.49 37975.77 88750.17 342031.8 62310.03 45801.16 80433.03 38313.49 225886 466625.3 308222.8 351408.8 88278.95 142505.4 495123.5 996520.3 674500 326128.2 100101.4 0 -9999 81536.75 11360.84 18485.93 24160.98 60410.88 87363.07 152039.6 184048.4 142762.5 242634.6 333106.3 216082.2 212786.5 1264919 669183.1 141569.2 49615.97 41965.02 159197 131100.8 97230.62 126721.4 313861.1 253841.5 374856.4 579952.3 432363 149635.3 95286.94 33494.38 39361.27 2291.761 193.1492 -9999 -9999 -9999 -9999 -9999 -9999 30115.44 331375.1 518108.9 43988.89 24106.76 0 -9999 -9999 82682.53 348123.5 139139.3 141782.1
101992.3 51045.15 38818.04 207063.8 312957.1 130818.5 51975.67 55153.05 16652.64 66837.81 172782.8 264493.8 589308.9 219130.1 258158.2 242136.1 143393.5 487904.8 344628.5 647289 154103.4 -9999 -9999 23.98026 2960.458 133723.4 26073.14 31899.88 20088.38 84768.93 245597.4 180326.8 146223.9 112274.3 120939.9 151546.1 294514 146906.5 37323.6 62267.34 95914.15 84448.21 353866.7 216993.2 119880.2 117480 342632.1 4001827 5418372 6238141 1171389 145586.2 371841.3 -9999 -9999 -9999 -9999 -9999 -9999 -9999 -9999 0 139858.7 45701.5 -9999 -9999 -9999 -9999 -9999 -9999 -9999 24944.33 58936.97
36885.2 102833.5 613539.3 503035.5 482087.2 476329.4 165275.6 90329.79 307265.3 952681.2 177129.4 64346.8 -9999 -9999 -9999 539474.6 788992.8 1128130 173683.8 141216 415763 322882.1 88720.03 -9999 -9999 11810.74 64567.23 176243.5 188802.5 69920.04 97535.7 460655.7 58155.11 36109.94 137334.4 192113.3 239991.8 299089.4 74636.2 82467.3 69340.24 94031.58 79782.84 107475.4 117094.5 132729.5 145897.1 186266.8 84189.81 73881.7 98693.35 57898.11 47347.71 -9999 -9999 -9999 -9999 -9999 -9999 -9999 -9999 -9999 -9999 -9999 -9999 -9999 -9999 -9999 -9999 -9999 -9999 -9999 -9999
140694.8 329390.3 144603.2 6401.191 61845.07 1219175 718466.4 349484 172746.8 -9999 -9999 -9999 -9999 85.21489 506.6133 42202.02 109150.7 188807.3 260147 334636.4 188400.2 264815.5 365402.3 -9999 -9999 -9999 164.8334 18865.62 69216.22 103181.7 187572.8 23346.72 23291.72 29918.4 78740.66 75557.12 132813.1 98159.63 416826.7 56747.65 67012.03 74034.06 95483.3 77721.31 151589.3 81982.72 128061.1 70160.84 117094.1 107308 410749.3 46489.9 979.4248 -9999 -9999 -9999 -9999 -9999 -9999 -9999 -9999 -9999 -9999 -9999 -9999 -9999 -9999 -9999 -9999 -9999 -9999 -9999 -9999
400789.6 64042.57 -9999 -9999 -9999 -9999 -9999 3612.675 -9999 -9999 -9999 -9999 20469.67 112186.4 3667.056 33708.23 79159.92 114344 90025.7 164326.8 304909.3 38725.13 463871.2 108835 -9999 -9999 11.45763 182.3537 10714.92 9820.324 27514.89 79607.55 82141.03 99582.12 88849.39 241674.8 381100.1 523927.9 188039.4 87150.44 49092.93 1105827 365485.9 64523.45 82317.37 138407.8 95338.99 130609.6 69534.7 227128.2 70179.11 -9999 -9999 -9999 -9999 -9999 -9999 -9999 -9999 -9999 -9999 -9999 -9999 -9999 -9999 -9999 -9999 -9999 -9999 -9999 -9999 -9999 -9999
240912.6 128460.8 -9999 -9999 -9999 -9999 -9999 -9999 -9999 -9999 -9999 -9999 19413.39 41726.69 11049.52 2.020791 1399.665 28318.08 124454.4 423063 364607.4 170592.4 141079 505073.1 106077.6 700.0115 163.3918 57.5516 -9999 -9999 -9999 2639.979 71521.24 245144 84701.2 149064.5 538501.7 512700 231347.2 66143.88 78603.19 163393.1 134742.7 191604.8 444782.3 107878 182728.2 85413.84 48267.22 74637.77 32190.79 3.487418 -9999 -9999 -9999 -9999 -9999 -9999 -9999 -9999 -9999 510.3807 17.6312 -9999 8686.328 8863.518 -9999 -9999 -9999 -9999 -9999 -9999 -9999
