R/data/gpw_v4_population_count_rev11_2020_30_min.asc
ncols         720
nrows         360
xllcorner     -180
yllcorner     -90
cellsize      0.5
NODATA_value  -9999
[rows 128 to 159 of 360, columns 511 to 583 of 720]
557495.4 730046.7 499284.7 300115.2 818397.9 902230.4 1028578 923922.8 837553.9 1173945 1757295 2388174 3249000 3188483 3494865 3590838 3570945 3349008 4702138 7700309 5494948 4948368 3879793 3366247 3847543 2862832 3098392 3878858 2781741 767089 483892.9 465089.9 889663.6 465003 550895.5 591300.3 699353.7 502201.8 116808.1 20502.04 19360.19 144333.4 140699 182741.1 29594 40532.46 193563.5 155809.4 146165 817039.8 448422.8 319996.2 281989.3 270435.8 331698.6 355487 581489 687245.4 734852.2 501855.3 447743.5 328621 244259 201141.3 326268.9 150944.3 264177.7 350623.2 246666.9 176415.4 482634.6 497504.4 714042.8
1207162 797116.1 491579.9 410158.7 551085.5 982018.6 1187328 938450.1 931953.9 970659.7 1110675 1555218 3840042 3484210 5123867 3481126 2750809 3541720 3651636 4245882 4050842 3762603 3524551 3812124 2908286 2556026 2367182 3094394 2645666 1309336 916869.7 1107516 1156579 787727.5 411388.3 141467.6 300697.3 507373.6 70659.64 59429.83 60269.63 118197.1 113334.7 151343.6 76966.63 216407.2 350773.8 718190.5 181589.8 526821.4 473850.5 391088.8 486719.9 416498.3 3100702 580696.9 1061229 586435.7 811959.6 607570.6 378396.1 221947.1 173291.2 159830.4 175763.8 124119.3 142178.5 397713.1 217950.9 1661825 231273.4 426381.5 448442.3
906036.9 785774.6 556248.8 632355.4 543562.8 751033.9 841084.1 864986.1 582935.9 587917.4 1100617 1223481 1132251 1024134 1051014 1111916 1026497 2383933 3326224 3280766 2354505 1886243 1989269 1689193 3127921 3319706 2659198 3434007 3369467 3792830 3162721 1746706 3775347 2702141 1973995 477342.4 1458995 358088.2 63081.57 66852.7 85436.88 101821.3 60190.78 82436.11 211012 350174.3 441567.5 517424.6 399460.1 298537.8 240390.6 142653.8 314065.2 481039.3 1613793 672374.4 748005.1 473529.1 289907.6 308942.9 184806.6 132229.8 165191.4 255714.6 208804 409102.8 338451.1 432370.5 256851.8 435002.9 576339.9 474801.9 328201.4
688241.8 738545.4 705006.2 661316.8 728942.3 833233.8 668469.3 513753.9 397553.5 507258.7 878607.8 975591.9 851479.7 801521.5 692699.8 931150.8 1588807 1367236 1149830 1431265 1642641 1826737 2064844 1128248 2295526 4273071 3661072 3101623 4164879 5253050 4649446 3110468 1923989 1153334 420217.6 91924.97 515711.9 171250.6 75954.45 84913.95 111344.1 183624.7 131766.7 154983 324242.3 243773.2 335085.9 287776.7 289748.1 387232.3 230538.8 182918 142038.6 374684.4 1185083 465004.7 357468 313287.2 241204.6 205933.8 101639.5 146305 254762.8 272330.6 252430.2 316429.5 436678.9 2049415 495205.9 346945.8 332031 590777.5 542472.1
719967.9 718197.8 854964.3 813075.4 700344.1 669262.6 1077719 742276.1 570680.6 901820.2 609027.8 500592.4 270167.4 352168.4 455624.5 435838.5 500515.9 803794 857775 1725102 1698974 3816783 4028518 2308201 2376370 3622266 2871889 3302295 2906017 2.040674e+07 6812563 3810217 679168.4 242149.7 470295.8 99069.65 38742.04 116857.6 49515.62 118482.8 186838.4 169821 45387.2 71970.66 305216.1 129054.1 242537.3 300892.9 195866.5 318020.3 142932.9 135291.1 218542 279854.9 538123.6 525311.6 285467.8 393744.8 344217.4 298992 265876.9 216114.5 455355.1 395206.6 413733.8 509136.6 481839.3 673780.5 432853.1 890817.3 484449.6 382264.5 536001.7
1331668 840696.8 928406.7 2546714 1069603 501622 563707.1 555264.3 1353979 968439.5 918811.4 497665.1 762816.4 490415.3 633343.8 711166.1 360040.7 503024.7 1118073 2188647 1153412 1702770 1496384 1859285 2172400 4385591 3677886 3181263 2485069 2911548 4390420 4560418 903100.1 291892.5 119353.9 103902.1 91311.52 217910.8 88224.07 174429.8 192753.8 109592.8 64950.58 70353.29 157000.5 178341 141074 209063.5 240064.2 126169.9 131913.1 144733.6 269850 380407.3 407211.4 834558.6 273360.8 577141.4 435768.9 371407.7 230686.6 425941.9 379139.4 421813.9 512301.1 568414.3 884951.9 692691.1 1356977 1219408 790042.6 970290.9 591262
2546991 2169553 600058.8 514420.4 683212.2 554416.1 663752.1 506149 966695.3 471856.7 368219.3 235359.1 496340.5 429627.2 443265.2 517945.5 521178.8 505524.7 562600.3 555016.6 1070356 2638524 1157648 1556064 3124018 1.655362e+07 4070508 2475100 2832740 2836148 2731223 3262286 2161715 592081.2 162567.8 57814.09 38784.9 172882 138876.5 275135.2 426566.6 243842.3 141604.9 121135.1 179025 127118.2 167296.6 198241.4 240980.9 123079.3 246222.7 127901.4 112206.7 150448.5 232343.4 394128 218799 352537.1 292168.8 235515.4 166380.3 310412.7 258112.5 276611 407141.3 3154179 580457.9 895322.6 1107966 2035604 861647.2 798242.3 1079242
881168.7 610810.1 393764.1 519627.9 455303.6 590344.4 700931 583139.8 595158.9 430570.4 376804.7 623270.4 843643.6 1508411 1013731 502344.7 510586 581703.8 1286176 553049.7 830156.5 798306.3 1073912 2371607 4405648 8049375 2762797 733855.9 836640.5 1907933 1440278 530345.1 4819818 1439912 144251.5 59423.73 31131.86 127460 235795.2 630242.1 484587.1 641090.4 164308.6 109884.7 97025.94 94822.98 56290.56 130673.6 147079.8 178197.6 267220.3 71584.32 50280.16 42794.05 78762.48 243133.8 329576.4 293450 335744.7 260248.8 212020.1 147829.9 343285.3 361336.2 350012.4 330242.5 864634.9 1085587 1020935 1219758 1217907 653412.7 763626.1
948436.9 870637.4 472626.2 321465.5 512472.4 551735.1 728675.2 523414.1 615722.1 912879.6 453193.3 898088.4 1118839 1228076 1401832 995110.3 646433.5 626538.8 331187.8 392913.4 861875.3 462543.3 1267663 1972349 1967050 1574708 446688.7 230307.3 111820.1 363913.8 119905.7 -9999 1011554 1302313 60103.82 25239.8 29090.82 127266.4 274823.4 565433.5 451225.3 1673663 194678.6 67796.06 67051.29 88966.52 36272.54 66791.1 86145.83 186115.7 295559.3 138716.8 72433.95 30755.89 49954.46 207854.3 262311 211039 443491.3 603146.9 912471.4 342167.1 403479.6 144105.5 330766.5 655039.3 597352.5 791100.7 1022938 1538535 2942490 1480699 1254516
1293628 1022900 581280.8 645704.1 1045116 582931.9 1773522 2532219 876330 913724.8 766341.1 2253404 2638285 949076.5 675624.4 766253 1148982 489899 371354.3 497304.5 481441.2 1190345 1526799 23723.25 -9999 -9999 -9999 -9999 -9999 -9999 -9999 -9999 94544.7 988659.9 84945.55 31627.68 31768.72 120891.5 361123.2 460746 389816.1 320109.9 157313.8 163083.9 86990.76 50389.57 47641.6 74566.72 119295.9 65598.38 59441.65 147791.5 93777.84 50644.8 68524.48 277350.9 391442.2 246841.9 271370.3 1155915 5921002 2276487 708006.4 333388.2 110445 3037.892 -9999 507332.2 630601.5 2410070 1253053 225025.9 -9999
1216351 997907.1 984761.6 1143789 974790.6 587161.4 871034.3 472547.8 630266.6 417032 524962.4 880834.3 886342.7 476429.8 543705.4 903818.6 769292.6 488200.5 382291.9 1069522 1300739 2381060 1512589 5969.787 -9999 -9999 -9999 -9999 -9999 -9999 -9999 -9999 -9999 164756.2 199071.6 196165.3 65551.27 125379.7 348783.1 333850.9 491745.8 296327.5 475032.6 343661.5 105715.9 47881.23 31004.84 55119.6 125625.6 59115.88 33950.39 70549.94 116107.1 96294.38 50997.83 53314.38 96473.92 118910.5 222598 461947.4 4185582 3361759 2284718 208304.6 6151.487 -9999 -9999 607.883 614841.1 1012167 59909.69 -9999 -9999
926274.8 831567.7 766217.6 729540.3 810711.9 658410.8 598215.8 524011.7 623902.4 278926.7 275650.7 440563.8 395383.8 308978.4 745251 758855.1 363058.8 422211 388181.7 1225262 3310358 2140037 524331.8 -9999 -9999 -9999 -9999 -9999 -9999 -9999 -9999 -9999 -9999 -9999 218430.9 208203.3 87204.22 96925.75 314208.2 323112.7 252671.5 217308.3 252125 223295.8 43294.4 33751.4 31778.95 122742.6 357237.1 254672 96396.11 102346.1 69206.29 82114.55 45876.8 31933.08 34298.69 90799.41 86925.46 424710.8 1328078 2671345 261306.8 -9999 1000.208 -9999 -9999 -9999 99200.67 1653060 75664.09 -9999 -9999
1521192 929029.3 785056.4 858888.8 731806.8 558888.3 629105.5 656496.4 479337.8 225701.3 158851.7 181126.2 399887.3 632984.9 852801.8 550620.6 238980.8 391261.7 1300439 875898.2 1049596 261479 -9999 -9999 -9999 -9999 -9999 -9999 -9999 -9999 -9999 -9999 -9999 -9999 2996.491 30554.28 77429.47 72131.45 160257.6 242818.6 221618.6 255154.8 160666.5 180243.9 23269.71 25881.3 88722.52 275663.5 345295.2 266544.4 84521.55 86081.65 50293.93 164876 39017.27 53383.98 80942.66 63927.1 89144.32 357353.5 1840524 104322.2 -9999 -9999 -9999 -9999 5547.177 507238.6 781768.5 1969372 638527.8 3858.22 -9999
766933.3 827732.1 1152502 1798251 862803.1 608447.1 355230.5 417750.7 340546.7 146503.5 90599.2 185513 404478.4 766850.6 703688.1 500825 477798.2 464137 1832494 133557.9 -9999 -9999 -9999 -9999 -9999 -9999 -9999 -9999 -9999 -9999 -9999 -9999 -9999 -9999 -9999 2869.699 185993.3 68273.63 97990.07 253077.3 228863 258144.7 111325.4 83214.39 24656.63 42889.5 162896.8 181474.6 224219.4 136422.8 140543.4 86366.22 117387.2 41840.27 20637.79 109843.2 41079.8 68221.09 102723.2 581474.1 725178.3 -9999 -9999 -9999 -9999 -9999 427011.5 411346.6 467584.5 686995.4 255277.9 -9999 -9999
757295.3 985089.6 1001790 890461 985998.6 1273398 997073.9 1284960 462070.9 129264.7 94849.63 242061.4 331925.7 577409.4 604479.2 798269.7 825599.9 926814 147686.6 -9999 -9999 -9999 -9999 -9999 -9999 -9999 -9999 -9999 -9999 -9999 -9999 -9999 -9999 -9999 -9999 508.8099 66035.39 62785.39 133134.4 441098.7 317173.4 345229.1 165855.3 27281.32 25995.96 64269.54 692567.1 564594.2 127325.6 103053 148679.7 43329.63 51085.73 111398 58614.81 38500.07 111900.1 27249.56 69186.92 644379.6 1113163 -9999 -9999 -9999 -9999 -9999 289799.5 274067.8 300871.6 623865.3 42069.7 -9999 -9999
688098.1 1135423 1054178 903020.6 848901.1 882130 1053577 1275998 969441.5 220751.6 171226.5 110335 370703.1 319028.6 399172.5 1172321 1277894 228963.4 -9999 -9999 -9999 -9999 -9999 -9999 -9999 -9999 -9999 -9999 -9999 -9999 -9999 -9999 -9999 -9999 -9999 -9999 47.95113 20380.88 148221.3 358492.7 422948.4 274658.6 220467.9 36094.7 44370.43 80339.09 254001.8 262917.4 206985.1 289424.6 68825.23 77522.65 95204.77 176822.6 523368.4 214188.3 232089.5 91409.92 77379.69 121115.4 610701.4 198970.3 -9999 -9999 -9999 -9999 108891.9 567099.3 482619 60391.6 -9999 -9999 -9999
1669056 675170.3 896134.5 1079822 1013887 2133459 1417437 860401.4 1549856 361992.8 599802.9 214130.8 127511.6 271400.4 1202785 2713320 13955.71 -9999 -9999 -9999 -9999 -9999 -9999 -9999 -9999 -9999 -9999 -9999 -9999 -9999 -9999 -9999 -9999 -9999 -9999 -9999 -9999 2354.672 149953 499957.3 446989.8 458030.3 447066.9 104669.1 59343.02 70379.55 88206.32 114317.1 163380.9 269149.6 61763.77 76883.02 155508.7 216706.7 861143.3 276050.8 238757.9 180678.2 76815.17 48586.14 79600.81 411364.6 19989.33 -9999 -9999 -9999 -9999 -9999 -9999 -9999 -9999 -9999 -9999
632880.3 629314.1 1046132 762356.6 1051233 5511201 3802253 857155.1 928544.1 1139122 687170 528628.6 985818.3 1330059 466594.3 529.9962 -9999 -9999 -9999 -9999 -9999 -9999 -9999 -9999 -9999 -9999 -9999 -9999 -9999 -9999 -9999 -9999 -9999 -9999 -9999 -9999 -9999 4919.935 217158.4 647420.6 675255.5 909674.6 430590.2 317663 252309.6 120076.5 73493.64 124951.8 376381.4 244308.5 112834.8 90341.76 195866.1 348606.3 432579.2 292438.1 263193.7 285306.1 381988.8 97369.52 57307.29 147127.3 307501.1 23212.18 -9999 -9999 -9999 -9999 -9999 -9999 -9999 -9999 -9999
845385.6 662089.1 673275.4 774079.1 1124448 844241.6 540450.4 649647.1 950551.9 1007121 2111778 1341815 2923027 1631698 -9999 -9999 -9999 -9999 -9999 -9999 -9999 -9999 -9999 -9999 -9999 -9999 -9999 -9999 -9999 -9999 -9999 -9999 -9999 -9999 -9999 -9999 -9999 41969.95 642877.3 655966.9 739138.5 6151835 348461.6 260729 470940.3 254600.2 197263.1 218112.2 327822.6 606694 200680.7 224877.7 124111.7 389139 433088.9 303847.3 258962.4 231157.5 373270.3 214473 102437.4 66963.13 231110.7 457006.5 100710.2 -9999 -9999 -9999 -9999 -9999 -9999 -9999 -9999
822484.7 718331.3 663660.4 802511.1 896418.9 738406.9 252316.1 292362 772552.9 2279458 2054115 909540.6 725740.6 34024.72 -9999 -9999 -9999 -9999 -9999 -9999 -9999 -9999 -9999 -9999 -9999 -9999 -9999 -9999 -9999 -9999 -9999 -9999 -9999 -9999 -9999 -9999 -9999 131014.5 388808.5 535891.1 496401.5 131567.7 718.8135 32375.73 571197.7 177908 75570.22 216164.2 409742 369730.2 252597.9 216168.2 136622.3 331852.7 565717 434020 416194 278010.4 259051.6 269111.5 77506.66 52199.64 62613.13 160349.4 818082.9 1037906 -9999 -9999 -9999 -9999 -9999 -9999 -9999
743022.6 743854.5 864852 1084128 1010796 881077.2 329530.9 468990.9 709281.4 1074384 307007.1 30831.33 -9999 -9999 -9999 -9999 -9999 -9999 -9999 -9999 -9999 -9999 -9999 -9999 -9999 -9999 -9999 -9999 -9999 -9999 -9999 -9999 -9999 -9999 -9999 -9999 -9999 18446.7 69842.78 170154.7 45524.35 -9999 -9999 -9999 200506.9 108433.3 25474.35 105048.7 284636.5 373102.4 215185.7 206630.1 194422.9 365635.9 433620.3 348761.4 352498.3 344507.8 264954.5 285260 145944.1 178260.4 25306.88 26829.82 166151.9 1022946 82758.54 -9999 -9999 -9999 -9999 30.80713 -9999
765781.8 929408.6 1325228 806824.3 652603 757942.8 489845.7 376020.3 642703.8 303380.5 -9999 -9999 -9999 -9999 -9999 -9999 -9999 -9999 -9999 -9999 -9999 -9999 -9999 -9999 -9999 -9999 -9999 -9999 -9999 -9999 -9999 -9999 -9999 -9999 -9999 -9999 -9999 -9999 -9999 -9999 -9999 -9999 -9999 -9999 120511.6 111565.9 34148.93 57344.44 179405.9 385354.7 269939.7 216277.7 281553.4 529904.9 386181.7 343033.6 339666.2 371148 579949.9 304670.7 376489.9 223770.1 88467.27 31228.77 71053.26 224387.3 863571.8 18672 -9999 -9999 -9999 -9999 -9999
924083.9 658790.4 649958.9 579535 896014.1 507980.5 929440.3 367894.7 665891.3 284114.9 -9999 -9999 -9999 -9999 -9999 -9999 -9999 -9999 -9999 -9999 -9999 -9999 -9999 -9999 -9999 -9999 -9999 -9999 -9999 -9999 -9999 -9999 -9999 -9999 -9999 -9999 780.1107 -9999 -9999 -9999 -9999 -9999 -9999 -9999 34116.11 47233.02 35213.23 78168.01 259677.3 623923.3 874361.4 293248 322746.1 465402.7 324625.5 374221.6 337179.8 308022.9 302901.1 261507.6 196531.9 37954.62 112903.9 14793.34 192987.7 122522.3 415846.1 102902.2 -9999 -9999 -9999 -9999 -9999
1224125 1000817 612742.4 531580.3 640573.4 580815.5 790245.7 449153.9 1073803 401550.8 -9999 -9999 -9999 -9999 -9999 -9999 -9999 -9999 -9999 -9999 -9999 -9999 -9999 -9999 -9999 -9999 -9999 -9999 -9999 -9999 -9999 -9999 -9999 -9999 -9999 1394.032 -9999 -9999 -9999 -9999 -9999 -9999 -9999 -9999 6168.268 110230.7 44390.36 151742.4 449629.1 894327.2 2258416 485014.9 224482.3 177750 202775.9 208692.4 350152.8 818183.8 123461.1 76094.3 118570.1 18618.26 13239.46 36280.17 315739.7 337972.5 314794.4 337358.9 -9999 -9999 -9999 -9999 -9999
883150.3 552421.6 590629.6 928281.2 917143.6 661601.1 678911.4 982126.9 746056.8 250107.2 -9999 -9999 -9999 -9999 -9999 -9999 -9999 -9999 -9999 -9999 -9999 -9999 -9999 -9999 -9999 -9999 -9999 -9999 -9999 -9999 -9999 -9999 -9999 -9999 1544.167 1494.899 -9999 -9999 -9999 -9999 -9999 -9999 -9999 -9999 2943.733 135739.3 87807.5 165016 951424.9 6968034 1.248508e+07 693003.6 367098.2 311109.3 621930.1 289009.9 292008.3 239901.9 130535.9 67925.79 60260.07 42783.23 108435.6 126153.1 349414.6 415932.5 268245.5 769003.9 -9999 -9999 -9999 -9999 -9999
565207.6 849661.9 716626.5 4904725 7726643 1117441 954884.3 1312893 1755761 7746492 -9999 -9999 -9999 -9999 -9999 -9999 -9999 -9999 -9999 -9999 -9999 -9999 -9999 -9999 -9999 -9999 -9999 -9999 -9999 -9999 -9999 -9999 -9999 -9999 29322.38 6632.232 -9999 246.3431 -9999 -9999 -9999 -9999 -9999 -9999 -9999 13241.28 98730.03 55296.03 462604.6 313932.7 494185.1 1191817 170094.2 499802.9 799477.8 503687.1 607509.9 290261.3 88926.45 84734.24 38269.5 57030 13358.63 37150.48 144285.5 447490.3 192707.7 534124.7 -9999 -9999 -9999 -9999 -9999
561632.5 1006377 1010771 1835558 3251122 1453800 1951815 1897767 2207336 3846607 -9999 -9999 -9999 -9999 -9999 -9999 -9999 -9999 -9999 -9999 -9999 -9999 -9999 -9999 -9999 -9999 -9999 -9999 -9999 -9999 -9999 -9999 -9999 -9999 44519.06 11.22518 -9999 -9999 -9999 -9999 -9999 -9999 -9999 -9999 1741.019 13842.15 190936 35340.44 233146.8 15500.26 443945.3 961062.9 474455.3 295244.7 479301.9 312906.3 281166.9 115224.8 255305.6 156372.4 67207.17 96389.78 25574.84 37634.5 472021.1 1055490 293163.9 491061.8 -9999 -9999 -9999 -9999 -9999
692059.3 909407.3 2512889 621633.3 694856.4 1470064 1228886 1761442 1717360 133127.8 -9999 -9999 -9999 -9999 -9999 -9999 -9999 -9999 -9999 -9999 -9999 -9999 -9999 -9999 -9999 -9999 -9999 -9999 -9999 -9999 -9999 -9999 -9999 -9999 59025.46 42792.65 1091.74 -9999 -9999 -9999 -9999 -9999 -9999 -9999 4575.746 28803.37 187996 43165.14 183562.7 408.5293 -9999 -9999 -9999 121797.6 128417.3 14543.45 110624.6 161137 387171.8 582498.2 474272 216515 110096.4 196292.9 311395.7 207621.9 178525.2 737466.1 -9999 -9999 -9999 -9999 -9999
2413637 964393.8 715571.8 621019.7 1444368 2712574 1206008 1769157 2621481 -9999 -9999 -9999 -9999 -9999 -9999 -9999 -9999 -9999 -9999 -9999 -9999 -9999 -9999 -9999 -9999 -9999 -9999 -9999 -9999 -9999 -9999 -9999 -9999 2247.519 91005.09 20865.21 -9999 -9999 -9999 -9999 -9999 -9999 -9999 874.6718 1998.513 32721.32 57555.52 33515.29 115129.8 -9999 -9999 -9999 -9999 1736.417 55122.9 25724.19 11839.96 157985.4 3091148 758861.5 577110.9 449237.2 604453.1 382508.9 411868.9 591483.8 566992.9 344763.7 -9999 -9999 -9999 -9999 -9999
2413783 2531013 1579423 2192921 2121574 1558143 1145402 1347265 1762306 -9999 -9999 -9999 -9999 -9999 -9999 -9999 -9999 -9999 -9999 -9999 -9999 -9999 -9999 -9999 -9999 -9999 -9999 -9999 -9999 -9999 -9999 -9999 -9999 -9999 50574.07 -9999 -9999 -9999 -9999 -9999 -9999 -9999 -9999 -9999 127.263 3367.64 25507.15 109048.7 28245.71 -9999 -9999 -9999 -9999 -9999 188.1113 23000.52 53639.69 324121.4 1417623 823146.6 620999.5 1256474 1719761 790291.1 425155 316644.3 275850.2 4694.762 -9999 -9999 -9999 -9999 -9999
829678.2 3783009 2970923 2118552 859674.8 1343003 2519741 2034482 1637158 -9999 -9999 -9999 -9999 -9999 -9999 -9999 -9999 -9999 -9999 -9999 -9999 -9999 -9999 -9999 -9999 -9999 -9999 -9999 -9999 -9999 -9999 -9999 -9999 12516.78 10098.41 -9999 -9999 -9999 -9999 -9999 -9999 -9999 -9999 -9999 2141.353 11110.13 101997.4 149495.1 421.3396 -9999 -9999 -9999 -9999 -9999 -9999 24602.5 292657.8 476182 663479.8 1610928 709696.3 1058397 1.357858e+07 1535485 389493 237708 27787.55 -9999 -9999 -9999 -9999 -9999 -9999
-9999 2934253 1251515 776363.6 1519647 1469297 1275846 1017558 366843.4 -9999 -9999 -9999 -9999 -9999 -9999 -9999 -9999 -9999 -9999 -9999 -9999 -9999 -9999 -9999 -9999 -9999 -9999 -9999 -9999 -9999 -9999 -9999 -9999 -9999 -9999 -9999 -9999 -9999 -9999 -9999 -9999 -9999 -9999 -9999 5119.501 14325.79 245728.6 150897 1840.635 -9999 -9999 -9999 -9999 -9999 51.18752 310.8918 53058.49 100587.4 370440.8 1746024 2789741 2187729 928284 642730.6 1.325023 -9999 1092.04 -9999 -9999 -9999 -9999 -9999 -9999
