R/data/gpw_v4_population_count_rev11_2020_30_min.asc
ncols         720
nrows         360
xllcorner     -180
yllcorner     -90
cellsize      0.5
NODATA_value  -9999
[rows 32 to 63 of 360, columns 511 to 583 of 720]
29.01427 12.22255 -9999 -9999 -9999 -9999 -9999 -9999 -9999 0.5440238 3.343965 5.347261 8.568012 9.453117 10.03642 9.70662 11.51012 16.01228 17.48919 14.95944 22.10405 23.09356 24.27454 22.88015 30.55354 35.43097 35.70391 35.67315 35.95116 36.18581 35.9057 35.81947 35.22724 33.36644 35.48565 36.08684 35.44027 35.25397 36.11171 36.45621 35.89465 35.15588 34.27117 33.9064 32.26842 33.15703 33.42995 34.50102 31.43316 34.22505 34.69527 24.54454 33.04042 33.78027 34.12626 33.17766 30.53934 35.03191 35.34294 35.00708 34.98097 33.66059 30.44342 26.46946 26.65265 20.582 7.490347 0.4344622 12.79238 25.45708 25.56542 38.06194 28.56515
74.9059 76.87446 31.88632 -9999 -9999 -9999 0.5375718 3.368929 -9999 2.541735 28.70526 37.41201 37.57638 37.51499 37.58797 37.45622 37.61069 37.52855 36.29342 36.22746 32.94934 34.16914 35.09977 36.25601 35.81997 34.86077 36.04808 36.46348 35.10571 36.12613 33.56179 34.79692 36.79676 36.89901 35.8284 34.78691 35.70235 36.32104 34.50985 36.3441 34.72883 35.00359 35.74576 35.03481 34.3045 35.0014 35.20488 34.29621 34.85531 35.15687 32.86857 32.66642 35.1584 36.00677 35.10532 34.70604 34.90697 33.92366 35.0035 34.57534 34.07246 22.04305 17.91144 10.90307 11.42259 14.58158 21.73861 24.67964 26.08195 37.36906 52.70257 59.47363 58.46789
19.75762 -9999 -9999 22.87206 128.3167 41.62014 9.847201 19.90355 0.3569108 -9999 14.61853 38.53791 38.64598 38.64777 38.57708 37.56861 35.89599 32.03318 36.87914 37.13429 37.15771 37.41265 35.33249 35.50373 35.86294 35.06247 33.99042 35.14577 37.50394 35.26905 37.60394 32.74827 35.94319 37.25312 37.80584 36.89622 37.21927 36.91162 37.06461 35.3574 36.2009 35.9211 36.90222 34.77265 35.52577 34.0088 35.27039 35.60587 35.42126 35.18354 34.36896 32.37778 34.28709 34.64574 35.29158 35.11793 34.94439 32.36499 28.83215 30.6115 27.60401 30.90228 32.70518 33.28913 35.22292 35.97032 35.69523 32.3973 29.28466 35.01303 45.00231 56.62381 59.48195
73.85505 4.655402 102.459 228.4346 454.7257 564.8246 293.9605 99.0687 59.28715 11.43047 5.248405 11.05704 13.4638 22.18285 38.42235 39.05615 37.67066 38.11347 38.31466 38.23568 38.03606 37.97924 39.17221 38.7375 37.49475 37.46963 38.33015 38.23677 37.93181 35.98866 36.92138 37.80579 38.01213 37.19823 36.07546 36.9656 36.2769 37.25523 37.06959 36.94831 34.40023 33.43447 33.6434 32.9678 32.69899 34.01638 30.57483 23.73312 22.70925 32.15747 37.77355 38.2707 37.90203 36.13153 32.40182 32.89312 33.92626 35.11432 36.17253 36.68433 38.0085 38.23221 38.77506 38.15711 39.4104 39.54315 39.74787 39.33999 38.75547 37.82478 38.25355 43.77836 53.21457
0.1411234 439.915 832.1726 716.4747 455.2733 632.8705 788.2391 766.2848 643.358 194.5087 37.11936 22.67262 15.13886 16.3703 27.12906 20.71224 35.90861 39.62814 38.88951 38.39843 39.16246 39.63634 40.05373 39.51873 39.84423 38.69759 32.32488 39.37524 36.47475 37.88564 38.19525 37.42314 38.83862 38.46229 37.57535 36.53639 36.0355 35.49816 32.35019 31.37255 32.08057 33.27397 33.85369 34.52323 35.22586 32.04235 37.39848 38.42446 37.60913 38.45335 38.66376 37.80576 36.38417 34.88327 37.41802 40.09418 40.90683 40.9693 40.77468 40.80286 40.89911 40.58863 40.73487 40.79166 40.71808 40.64367 40.59908 40.64606 40.46579 40.52808 39.55112 37.11283 38.39288
320.6002 248.5113 279.4448 485.422 476.3458 492.5392 764.7744 463.5614 285.3897 130.3478 53.55886 39.94917 38.38103 27.78392 10.3525 15.32881 40.85794 39.09963 39.55209 38.83961 39.68048 38.52857 38.99509 39.55991 40.63453 39.97929 39.00977 36.5816 38.08176 38.32625 38.05903 37.38036 35.28656 36.69115 36.43655 37.40575 37.8639 37.25489 37.05576 35.79741 35.36748 35.78859 36.23075 36.78181 36.18924 35.72705 36.57591 36.83418 38.05101 40.02944 40.87689 40.25604 41.27731 41.55049 41.22919 40.7623 41.95573 41.93764 42.06876 42.08242 41.96725 41.9856 41.94503 41.89942 41.96319 41.99509 42.00702 41.84212 41.77689 41.96138 41.85166 41.94813 41.05001
791.1237 847.8565 733.0809 787.8719 764.1484 672.5138 763.8555 797.0767 801.7279 827.0642 333.0573 39.64554 40.10514 30.61074 28.43384 18.4274 34.05394 40.09813 39.86243 39.66181 36.97245 37.78881 38.97721 38.49865 40.19691 38.96777 38.50599 38.08089 37.3504 38.95914 40.03703 39.75998 39.78384 40.19818 39.26939 38.89167 37.37208 35.82858 37.25597 37.95143 37.02802 36.8003 38.32854 38.74884 39.32735 38.71548 38.76323 39.11852 40.8451 42.91758 42.44827 42.54269 43.10109 43.12587 42.55561 42.29308 42.86116 43.00177 43.02372 42.92539 42.9147 43.08102 43.13194 43.09958 42.94609 43.07442 43.04271 43.03948 42.98804 34.95515 25.88332 21.62153 15.88567
780.5635 822.6925 856.1711 842.3564 815.3412 817.612 808.7673 723.8701 438.4438 185.1247 91.09631 37.23661 38.1328 33.74369 27.05937 26.41677 38.12643 42.29266 42.29474 41.9706 39.75451 38.27206 40.73093 41.27494 32.66707 37.46724 38.87691 41.81722 42.90145 43.18278 44.10621 44.09633 44.16137 44.18837 44.20494 44.22119 44.18711 44.07063 44.16772 43.80701 42.79216 43.83821 43.97473 44.07163 44.01761 43.94654 44.18848 44.09861 44.18365 44.11494 44.06026 43.46338 44.22933 44.18108 44.09849 43.14128 43.43516 44.03656 44.15974 44.20588 44.10143 44.04081 44.10062 44.11551 44.1325 44.10824 44.15754 40.84676 22.7851 16.23494 13.93888 13.94989 13.94517
897.8568 887.4603 881.5512 882.1273 846.0406 842.8726 856.2206 407.1628 70.04184 43.46794 43.15444 41.86813 42.95964 42.861 41.65798 37.74443 34.73495 35.32723 38.20355 37.29037 36.51689 41.32631 42.57481 39.659 20.37928 16988.39 1559.897 45.11521 42.8132 39.43177 42.97816 44.92686 44.94072 44.4198 44.2019 44.44199 45.00513 44.55888 44.63549 44.99817 45.0964 44.49556 42.25408 37.52172 34.46769 31.03471 33.02931 30.561 26.12774 32.09576 39.51087 40.04484 39.85364 43.03844 44.69098 44.16551 45.21711 45.18909 45.16992 45.17075 45.14109 43.15737 42.57375 39.40689 34.71644 25.18653 25.00996 25.36335 14.30548 14.25203 14.20085 14.26099 14.25076
444.7579 554.5707 716.2452 852.4836 903.0884 943.0912 933.8294 938.4585 784.9518 647.6824 525.4008 489.1136 630.4496 300.3828 44.77727 43.57005 42.11457 40.56396 42.46692 39.8135 35.90769 35.86663 41.84548 16416.19 59777.38 66251.71 421.8274 34.22706 37.65673 43.62247 41.17687 41.57572 43.98918 45.8768 45.96624 46.01783 44.62297 44.32756 44.45117 34.73839 30.21694 25.5856 22.26372 22.24928 22.08813 21.63336 21.57162 21.62226 21.70005 22.11293 21.94115 22.03204 22.12458 23.85269 28.29118 26.93781 30.28611 27.90553 24.61679 27.61432 26.01599 20.28004 15.17818 14.62627 14.6265 14.61886 14.6005 14.60291 14.62673 14.63042 14.62894 14.62102 14.61237
804.4502 932.7441 471.1408 112.6282 606.4063 975.6487 958.5784 960.2551 943.7372 898.2634 867.0679 904.2287 956.7464 968.7123 334.3249 45.33334 44.08019 44.31215 43.94828 38.52242 35.91958 35.86481 40.94346 46.19791 47.13041 47.08379 47.18393 42.72224 39.5361 40.15957 42.93787 43.56317 44.12245 45.20143 47.05519 47.12937 47.21699 40.45505 27.06924 22.76733 22.76405 22.72876 22.24914 22.68721 22.74718 22.57717 22.49414 22.67526 22.44563 22.15232 22.62334 22.0754 22.33608 21.78592 22.38825 21.95059 22.15792 22.16513 21.7105 22.03616 22.11393 22.57053 20.46158 14.20104 14.55721 14.88379 14.92588 14.95762 14.92379 14.92785 14.92716 14.96673 14.8187
960.3583 948.7131 928.8082 394.9448 382.4607 864.7045 928.4927 928.2751 949.5584 914.8939 863.8105 928.1821 961.0706 878.223 249.9619 59.11401 46.07558 46.9542 46.57724 46.80925 46.65166 48.18426 44.54268 46.43215 4906.521 32.42632 35.19021 41.98215 39.07499 38.52159 40.45263 42.01961 43.73336 43.93419 35.55668 25.3589 27.32244 25.78222 23.37619 22.89246 23.37139 23.27829 23.11526 23.17689 22.8945 21.97992 22.51245 22.8752 23.31141 23.28115 23.08045 22.6754 23.08156 18.60076 21.37948 22.20738 21.80589 22.27447 22.91966 23.0208 23.21336 23.2939 21.8012 15.18932 15.21679 15.10904 15.17762 15.20877 15.21025 15.17129 15.13227 15.16844 15.04813
930.3792 971.4163 975.0391 578.1983 595.989 682.9706 822.7709 992.9324 1021.206 998.2365 1003.9 1008.913 855.2869 307.7095 97.0833 91.35792 69.40064 52.5684 47.43387 63.41431 88.61833 79.99988 72.2672 36.09258 21.03384 41.99175 49.03299 49.0069 49.38906 49.09657 48.58123 46.50901 36.51608 24.43815 23.41721 23.50902 23.80378 23.87436 22.7162 23.62645 22.30449 23.78033 23.62171 23.78274 23.66236 23.74491 23.61837 23.33037 23.85959 22.46749 23.18281 22.98776 21.02645 19.1846 22.01489 23.00531 23.20361 23.45814 23.77639 23.79775 23.89539 23.86505 21.70149 15.58181 15.59998 15.59657 15.57737 15.54916 15.60734 15.61631 15.39243 15.4528 15.38073
1000.097 971.5481 918.3711 862.6275 761.7936 999.1487 964.0984 873.075 824.6874 724.774 855.9659 960.2986 1019.781 703.703 142.4733 86.41988 86.82555 94.59145 77.91888 100.4568 99.77793 97.32841 84.997 94.9188 87.10385 92.63062 82.05376 87.02604 88.50974 93.41943 80.24169 39.01236 23.96939 22.11024 21.48297 23.69513 23.02355 23.78428 24.24768 24.0354 24.07012 24.23824 24.22633 24.31459 24.05861 24.35724 24.33354 24.24652 24.15967 24.06535 23.91443 23.58872 22.71589 23.88794 23.49043 23.29093 22.86395 24.21427 24.37189 24.33278 23.89486 21.13392 18.2652 15.8736 15.87499 15.91051 15.91875 15.8356 15.82679 15.77624 15.87682 15.96895 15.96401
1017.798 1025.703 996.9943 908.8474 883.4984 967.4333 1055.201 1067.575 1033.003 992.3277 931.7276 857.4316 865.4266 993.5485 987.4901 322.9351 101.9815 96.64126 98.25619 88.4352 99.44072 94.80004 85.83387 99.16196 103.0107 97.43697 97.90685 101.2295 101.0522 67.36858 30.661 24.30509 24.81368 24.79391 24.75721 24.12792 21.93015 23.61139 23.93113 23.68765 24.70594 24.17075 24.68189 24.84735 24.78333 24.67086 24.82389 24.90631 24.78307 24.72873 24.3114 24.5571 24.1005 24.36245 24.65206 24.48998 24.59098 24.58627 24.18543 24.42103 23.39954 18.76592 16.28122 18.84949 16.23237 152.6728 285.3829 68.46708 16.23747 16.14238 63.91244 116.9954 178.5595
1011.528 1020.084 1042.26 1008.577 989.8763 980.4122 1066.069 1086.645 1046.254 1047.416 1003.05 961.4175 994.9018 944.0769 942.8454 622.6832 108.8376 104.6089 106.2856 107.6594 105.4851 98.32313 101.9652 90.04597 96.21098 108.6432 107.0281 39.90421 33.81572 24.58022 24.36802 25.09923 25.39006 25.15782 25.25636 25.35671 25.41556 24.36396 25.37008 25.04171 25.32671 25.30134 25.24408 25.20454 25.31724 25.37095 25.27368 25.24438 25.17001 25.37949 25.21411 24.19896 25.0275 24.87896 25.05151 24.7981 25.04333 24.59374 25.39009 25.34326 25.37219 315.2448 534.0705 556.2398 554.2094 581.3664 592.9545 451.0732 288.2838 460.7769 584.4664 581.671 594.3945
1071.844 1073.867 1001.3 991.0806 913.3821 1006.62 1063.825 1090.925 1089.54 1095.052 1097.349 1066.782 969.2975 957.7616 1049.554 1027.797 692.7809 379.5686 108.5743 109.7576 109.7042 108.6874 110.4619 105.9384 96.89948 104.2912 81.63996 26.72394 25.59097 25.43975 25.73412 24.85124 25.45919 25.57826 25.25196 25.36607 25.53433 25.86707 25.43153 25.7001 25.79562 25.75983 25.73982 25.91807 25.89203 25.82261 25.79691 25.72819 25.58599 25.72567 25.76479 25.424 25.84654 25.82739 25.89839 25.66779 25.75463 24.57238 24.3064 23.44105 25.15259 55.53328 528.0307 602.9178 602.7369 603.7523 597.7332 601.7495 602.3616 602.2114 598.6233 596.2535 603.226
1096.732 1121.187 1021.799 985.4474 1004.783 1101.278 1090.892 1063.628 1042.461 1068.406 1045.46 952.6616 878.8125 1020.344 1121.32 1132.824 1143.275 999.7195 148.9953 112.8067 111.9051 111.1042 111.9932 112.457 100.8588 113.4363 111.1823 87.00041 26.1337 26.15745 26.32317 25.68885 26.30245 26.39139 26.16844 26.11048 26.14645 26.27562 26.41195 26.2967 26.13134 26.33183 26.43024 26.25081 26.28201 26.25296 26.35526 26.40957 26.40246 26.23727 26.0912 26.10916 26.09708 26.39515 26.39579 25.98408 26.42553 26.41152 26.33424 25.54251 31.06098 208.4879 509.4299 616.5673 614.7764 613.8625 612.5094 611.7791 613.0532 608.641 613.4563 614.4474 609.7888
1048.66 1076.346 1017.505 981.3357 1097.005 1082.821 1057.466 1031.121 1104.467 1099.73 1113.177 1058.187 1116.576 1119.254 1161.541 1168.297 1167.999 1100.125 1016.542 762.4702 598.9706 112.5264 108.4858 111.6233 104.3946 115.7726 115.8361 87.15385 71.36629 42.1993 31.89533 26.74356 26.93427 26.92083 26.76132 26.9108 26.61452 26.79979 26.93546 26.92125 26.89783 26.72127 26.56783 26.87506 26.77774 26.93884 26.78953 26.72116 26.61552 26.60351 26.75693 26.76149 26.68931 26.76433 26.85423 26.80468 26.81979 26.85637 26.83005 26.7331 198.4592 597.8323 615.0795 626.9342 626.9364 626.9914 627.3441 622.0323 625.2401 629.4387 624.1316 626.7186 626.5817
1148.927 1074.469 1063.292 1050.868 1157.854 936.9695 863.6254 954.1605 1060.742 1057.56 1090.322 1159.482 1121.564 1180.739 1189.268 1189.63 1189.254 1180.07 1176.945 1186.844 1034.505 116.0568 114.815 115.8571 107.572 118.3094 118.4578 118.6428 118.3551 118.3456 109.0143 93.96195 76.94298 30.09444 26.98758 26.9418 26.77449 27.07657 26.97644 26.95364 27.18571 27.43985 27.40344 26.95313 27.14619 26.80369 27.04994 27.09192 26.9861 26.89499 27.20875 27.1818 27.21967 27.23113 27.19041 27.3335 27.2725 27.05439 27.38547 27.31579 29.73959 83.83727 89.12656 245.1748 323.3241 313.8842 569.0555 630.1826 638.5884 641.6441 641.6442 636.0596 636.9194
990.432 948.2375 917.792 766.4727 921.4379 953.3655 920.644 1089.353 1150.475 1155.018 1174.754 1197.505 1200.526 1166.504 1170.887 1179.22 1183.686 1197.251 1200.172 834.2742 162.8097 119.9211 112.0872 108.7253 117.1471 120.6277 120.7691 120.7248 119.4567 120.0684 119.6556 120.5176 111.5842 46.29056 27.92111 27.92281 27.85368 27.92339 27.92434 27.89557 27.44401 27.33949 27.25254 27.48844 26.98855 27.35372 27.83639 27.93028 27.93438 27.68421 27.83511 27.79581 27.83259 27.86547 27.912 27.62091 27.45457 27.46805 27.61622 27.70782 27.74022 27.61869 31.99197 33.88707 34.38565 177.6032 418.4642 609.1195 651.4084 647.7676 653.3693 651.9292 649.1283
1660.1 1269.001 1225.101 1166.562 1108.739 946.8082 1011.711 1148.961 1194.193 1227.772 1945.976 1341.586 1228.881 1217.141 1210.086 1225.736 1227.418 1227.97 1232.209 1158.955 255.2444 122.0434 121.4933 112.9645 114.3934 120.4431 122.9459 121.3858 122.177 122.7408 122.7143 121.2326 73.5873 28.36234 28.4008 28.40217 28.39838 28.41292 28.38926 28.32124 28.18584 28.16062 28.12661 28.39512 28.34524 28.42347 28.09859 28.10829 28.16654 28.3953 28.41054 28.4248 28.40647 28.27391 28.26153 28.36295 28.37277 28.28867 28.22765 28.03054 27.77013 29.57988 33.81715 34.60843 34.25513 34.76509 35.35864 146.7137 644.509 591.9842 586.0807 551.6836 567.1566
3747.114 3669.263 4222.11 2737.05 1690.158 1208.536 1642.779 1857.522 2197.072 3701.751 4539.583 3974.07 2796.188 3110.864 2505.908 1304.345 1417.689 1250.161 1215.826 611.9244 133.7185 124.3862 123.1035 123.3077 124.6025 117.5284 119.4955 123.2706 124.865 124.9846 122.581 71.89272 37.77042 28.88645 28.9089 28.91427 28.81516 28.8522 28.77433 28.84854 28.90559 28.88498 28.89363 28.87387 28.91139 28.8767 28.86186 28.8999 28.79648 28.72881 28.70921 28.71374 28.8608 28.89004 28.84109 28.91406 28.89212 28.90142 28.91851 28.91695 28.73996 30.00559 34.83965 35.975 35.73514 34.49611 35.38884 119.5917 632.306 675.2354 637.0702 401.7323 574.7628
3554.171 3423.447 3622.185 3853.963 4064.608 4087.588 3954.771 4440.086 4615.281 4469.854 4239.024 4593.806 4616.519 4403.302 4381.679 4215.264 4360.745 3335.638 366.6225 126.6416 126.5877 125.8569 127.1265 127.1634 127.191 127.195 123.7685 118.5317 127.1414 95.76525 30.25094 29.13653 28.76734 28.80045 29.38316 29.40079 29.32807 29.39672 29.36095 29.40169 29.38023 29.39132 29.37117 29.27647 29.36496 29.33618 29.38605 29.40557 29.40285 29.39922 29.39928 29.35172 29.25158 29.30212 29.38237 29.39114 29.40444 29.38852 29.40762 29.32998 29.32644 30.4496 36.20737 36.55916 36.35291 35.45535 36.52145 53.1169 204.5152 680.5558 661.1794 592.4507 687.0069
4203.971 4330.544 4457.884 4609.061 4707.243 4757.918 4736.185 4551.089 4281.469 4597.443 4476.56 4589.488 4309.657 4202.063 4309.415 4372.521 4369.112 4458.354 3048.551 2005.246 863.0795 128.8442 129.2938 129.2339 129.2298 128.9912 129.1843 124.1001 121.5706 124.2773 71.55439 28.84755 29.87573 29.8335 29.14447 29.54505 29.47447 29.61293 29.5721 29.68266 29.59591 29.54933 29.6947 29.52879 29.60328 29.6398 29.58084 29.60211 29.54972 29.52389 29.7617 29.76467 29.7493 29.78172 29.80475 29.86036 29.85086 29.87073 29.83573 30.10279 32.35279 36.8413 37.15688 37.16784 36.86539 36.2744 37.18106 37.16834 439.8973 699.3324 698.8638 694.0547 698.7871
4538.729 4513.498 4304.449 4696.615 4701.103 4644.372 4710.781 3821.478 4025.808 4573.942 4450.447 4565.323 4739.538 4796.094 4796.494 4582.271 4789.033 4825.234 4556.801 3384.515 1439.866 321.9188 288.2816 308.2265 272.6965 289.8228 224.5297 132.6847 115.6436 130.0016 107.2574 36.26572 30.34197 48.54763 163.4155 153.2608 69.9136 84.50143 118.0092 51.24951 30.3725 30.19037 30.01328 30.35955 30.29726 30.35073 30.34299 30.37324 30.35911 30.26122 30.16446 30.29639 30.36907 30.36833 30.36643 30.33104 30.34671 30.29491 32.42387 36.9827 37.7622 37.7566 37.77378 37.73691 37.20044 37.48568 37.77619 37.76817 128.2746 421.6852 700.8487 711.4182 710.0339
4657.112 4597.636 4456.348 14697.1 31734.94 2298.331 2204.212 2577.619 3292.62 3066.39 2395.094 3600.089 3712.156 4020.177 1633.858 416.1948 1104.351 1492.755 430.1039 358.7151 364.726 363.4481 363.5603 363.5684 363.3624 365.1996 363.2485 337.8331 280.4228 264.4958 255.1492 233.7677 194.5355 291.8268 333.7115 335.2341 335.1479 332.8053 336.697 248.8338 30.8588 30.85667 30.76672 30.37455 30.56973 30.84225 30.85643 30.85762 30.84104 30.84928 30.83165 30.85117 30.80692 30.81158 30.86045 30.85497 30.85215 30.89477 37.37229 38.34596 38.33328 38.36116 38.2966 38.2621 37.77156 38.39198 38.38812 38.36314 40.5797 455.0389 798.07 793.8801 789.8608
4978.449 4979.517 3187.22 460.8888 449.0868 418.5733 420.3064 438.2865 450.9929 460.122 439.7285 398.7789 394.2928 393.6348 381.2492 377.1136 388.0597 390.4879 374.1613 370.5688 366.9253 371.06 371.1673 370.8821 369.8416 367.8147 367.5628 367.0376 365.953 345.2366 364.7474 364.1227 342.5432 341.9073 340.8557 341.7729 341.8615 342.0289 335.7074 73.75195 31.27675 31.30908 31.20862 31.26195 31.34039 31.05146 31.16572 81.24349 232.977 32.62821 31.04924 31.08743 31.0044 30.85221 31.24201 31.25411 31.28478 31.28151 32.94089 34.90967 38.9533 38.94668 38.9568 38.90054 38.46175 38.74192 38.98038 38.95694 358.5065 810.7972 809.7825 810.2085 809.8424
5059.406 4768.584 2291.587 457.6901 463.8565 468.713 448.1946 415.3472 405.9414 406.2869 388.2264 388.1866 386.315 395.6819 445.0484 485.7821 501.1355 534.1964 552.7956 564.5521 577.4017 584.5502 574.952 462.2106 385.7472 372.8564 375.0422 375.362 375.3434 374.3344 350.7773 365.4893 346.8642 347.1707 346.8351 347.0285 345.1895 346.3397 347.3694 373.9985 299.4541 172.921 146.9872 312.9344 566.8145 690.2916 784.5687 1176.178 1219.7 755.8107 562.0746 424.7477 423.6541 250.832 33.03434 31.56519 31.81379 31.81528 33.09922 37.54556 39.57799 39.585 39.4978 39.52785 39.4754 39.33298 39.5853 91.79413 737.9246 820.017 823.586 823.3428 823.3492
3209.177 536.2609 399.4554 399.2463 400.6899 397.6467 405.7655 415.6745 381.2047 364.148 344.2697 381.9008 432.7207 473.5648 574.1688 1175.285 2271.88 962.2393 623.5694 627.6118 626.0916 623.9504 628.0464 627.9783 577.629 517.1117 428.9589 380.5968 382.2209 382.4656 382.0559 362.5958 365.2432 354.4907 351.6749 349.9417 350.2606 702.1144 1046.794 1314.007 1339.421 1324.547 1343.405 1342.789 1343.093 1343.416 1343.457 1266.924 1252.732 1029.143 978.7027 978.4099 978.3566 960.686 401.1422 298.4987 32.79484 32.15869 32.32359 36.5705 40.14375 40.04963 39.9552 40.09124 40.05296 39.72005 40.1721 179.9353 794.1451 811.761 537.2488 508.2639 477.4985
800.4721 407.4665 405.3383 411.7529 411.1925 411.6519 412.272 408.9835 434.866 427.2961 487.656 551.1461 565.2605 1962.918 3516.061 3926.087 3918.88 1279.804 629.9809 621.4281 626.2294 627.0885 626.0891 631.5531 624.3206 494.3857 392.568 385.9588 387.9896 388.1151 388.121 388.136 376.3726 362.1678 364.9492 574.6576 943.6928 1305.936 1326.724 1328.244 1323.259 1327.741 1348.249 1360.282 1363.101 1346.042 1122.102 979.8191 968.9346 975.4154 929.0863 941.532 937.9573 894.489 725.9055 775.5908 650.412 363.5587 134.1937 40.73643 40.76107 40.76233 40.6363 116.3944 249.4819 52.30124 404.7591 639.9594 691.4301 624.249 521.2529 671.2836 361.1511
417.7101 414.3088 417.7564 434.3097 481.1015 510.1245 499.1109 494.1798 565.4207 597.1368 1028.744 2971.326 3782.901 3732.401 3643.82 3834.202 3406.871 766.4533 671.2076 703.6735 800.634 1522.169 1723.017 1489.515 1176.003 512.849 415.6 393.4766 392.5623 393.0435 393.4319 393.703 393.0631 60905.28 16827.99 3902.954 1270.454 1275.201 1266.953 1282.288 1365.626 1371.684 1345.442 1338.559 1336.763 1340.717 1281.427 1228.808 1124.672 985.5366 1005.735 945.5099 833.5945 788.5371 42975.48 787.3184 787.2881 786.4376 446.9044 41.33684 249.8013 573.7513 858.2401 538.5825 706.6589 477.6685 668.6758 696.2327 692.4652 707.0917 522.8649 264.264 198.1102
